1742867409.779212 -23.828 -17.326 -0.113 -2.45 -3.25 -93.46
1742867409.889170 -23.87 -17.313 -0.104 -2.24 -3.31 -93.1
1742867409.989187 -23.785 -17.282 -0.115 -2.39 -3.44 -93.27
1742867410.179172 -23.807 -17.329 -0.117 -2.34 -3.44 -93.43
1742867410.279201 -23.818 -17.309 -0.108 -2.36 -3.35 -93.21
1742867410.379188 -23.846 -17.24 -0.111 -2.28 -3.11 -92.57
1742867410.569178 -23.871 -17.319 -0.108 -2.31 -3.4 -93.5
1742867410.679186 -23.869 -17.279 -0.11 -2.45 -3.27 -93.03
1742867410.859171 -23.836 -17.286 -0.121 -2.46 -3.51 -93.14
1742867410.969171 -23.858 -17.265 -0.114 -2.45 -3.41 -92.63
1742867411.59172 -23.812 -17.261 -0.117 -2.48 -3.21 -92.76
1742867411.169198 -23.797 -17.253 -0.115 -2.41 -3.37 -92.59
1742867411.269167 -23.799 -17.295 -0.116 -2.37 -3.3 -93.27
1742867411.369168 -23.85 -17.231 -0.114 -2.32 -3.17 -92.4
1742867411.469181 -23.826 -17.253 -0.113 -2.25 -3.12 -92.55
1742867411.569188 -23.92 -17.304 -0.111 -2.41 -3.45 -93.57
1742867411.669135 -23.89 -17.32 -0.114 -2.37 -3.49 -93.88
1742867411.769185 -23.87 -17.298 -0.118 -2.44 -3.49 -93.42
1742867411.879172 -23.789 -17.302 -0.107 -2.25 -3.41 -93.2
1742867412.69181 -23.785 -17.305 -0.11 -2.3 -3.34 -93.38
1742867412.169180 -23.798 -17.31 -0.108 -2.35 -3.32 -93.15
1742867412.269182 -23.792 -17.301 -0.11 -2.48 -3.31 -93.26
1742867412.359174 -23.79 -17.296 -0.11 -2.32 -3.31 -93.31
1742867412.469173 -23.788 -17.34 -0.114 -2.58 -3.48 -93.66
1742867412.569173 -23.79 -17.269 -0.11 -2.22 -3.39 -92.93
1742867412.759202 -23.814 -17.232 -0.122 -2.47 -3.25 -92.54
1742867412.859143 -23.821 -17.248 -0.114 -2.17 -3.09 -92.73
1742867412.959176 -23.847 -17.249 -0.117 -2.19 -3.18 -92.89
1742867413.69181 -23.833 -17.258 -0.113 -2.42 -3.37 -92.71
1742867413.159184 -23.843 -17.258 -0.114 -2.3 -3.05 -92.82
1742867413.279211 -23.759 -17.256 -0.116 -2.27 -3.19 -92.73
1742867413.379191 -23.802 -17.305 -0.118 -2.43 -3.26 -93.37
1742867413.459172 -23.783 -17.282 -0.113 -2.41 -3.17 -93.02
1742867413.569176 -23.793 -17.301 -0.105 -2.24 -3.44 -93.38
1742867413.659172 -23.785 -17.302 -0.104 -1.96 -3.1 -93.15
1742867413.769208 -23.801 -17.315 -0.107 -2.26 -3.28 -93.54
1742867413.869125 -23.854 -17.276 -0.106 -2.25 -3.38 -92.99
1742867413.969170 -23.853 -17.291 -0.112 -2.31 -3.04 -93.25
1742867414.69175 -23.839 -17.262 -0.109 -2.21 -2.96 -92.91
1742867414.169190 -23.824 -17.248 -0.11 -2.26 -2.96 -92.8
1742867414.279188 -23.847 -17.309 -0.105 -2.33 -3.31 -93.33
1742867414.369219 -23.855 -17.278 -0.11 -2.28 -3.29 -93.15
1742867414.479197 -23.775 -17.289 -0.112 -2.43 -3.28 -93.26
1742867414.569174 -23.769 -17.316 -0.115 -2.49 -3.21 -93.64
1742867414.679175 -23.8 -17.32 -0.111 -2.36 -3.19 -93.42
1742867414.769170 -23.837 -17.317 -0.109 -2.54 -3.14 -93.44
1742867414.869167 -23.83 -17.291 -0.112 -2.42 -3.39 -93.2
1742867414.979198 -23.856 -17.286 -0.111 -2.25 -3.54 -93
1742867415.69203 -23.859 -17.285 -0.103 -2.13 -3.37 -93.12
1742867415.169189 -23.857 -17.285 -0.112 -2.38 -3.29 -93.11
1742867415.269181 -23.84 -17.299 -0.107 -2.2 -3.38 -93.19
1742867415.369168 -23.843 -17.285 -0.119 -2.54 -3.69 -93.06
1742867415.469171 -23.843 -17.259 -0.113 -2.14 -3.56 -92.93
1742867415.579197 -23.771 -17.246 -0.115 -2.23 -2.97 -92.93
1742867415.659173 -23.768 -17.267 -0.114 -2.26 -3.1 -93.1
1742867415.759190 -23.781 -17.263 -0.108 -2.34 -3.32 -93.12
1742867415.859186 -23.755 -17.267 -0.111 -2.4 -3.15 -93
1742867415.959186 -23.72 -17.229 -0.111 -2.34 -3.31 -92.66
1742867416.69181 -23.705 -17.244 -0.106 -2.31 -3.23 -92.85
1742867416.159183 -23.69 -17.236 -0.112 -2.16 -3.21 -92.68
1742867416.269199 -23.702 -17.321 -0.109 -2.53 -3.38 -93.64
1742867416.369190 -23.707 -17.302 -0.102 -2.13 -3.38 -93.51
1742867416.469181 -23.699 -17.306 -0.102 -2.32 -3.27 -93.55
1742867416.569184 -23.708 -17.304 -0.104 -2.34 -3.29 -93.51
1742867416.669147 -23.79 -17.328 -0.11 -2.45 -3.2 -94.2
1742867416.769209 -23.802 -17.324 -0.102 -2.41 -2.83 -94.03
1742867416.869188 -23.757 -17.316 -0.106 -2.4 -3.56 -93.85
1742867416.969180 -23.79 -17.309 -0.105 -2.45 -3.5 -94.07
1742867417.69181 -23.775 -17.353 -0.111 -2.5 -3.76 -95.01
1742867417.169182 -23.693 -17.38 -0.125 -2.57 -3.86 -96.45
1742867417.269176 -23.4 -17.462 -0.114 -0.46 -3.38 -97.23
1742867417.369196 -22.286 -17.367 -0.078 1.62 -3.2 -97.11
1742867417.469179 -20.061 -17.235 -0.055 3.45 -2.95 -95.94
1742867417.569222 -18.106 -17.307 -0.049 2.05 -2.94 -97.73
1742867417.669193 -16.049 -17.449 -0.01 -0.26 -1.79 -101.32
1742867417.769181 -14.022 -17.488 -0.021 -1.43 -1.62 -100.44
1742867417.869177 -11.983 -17.431 -0.046 -0.65 -0.64 -95.68
1742867417.969180 -10.04 -17.406 -0.045 0.64 -1.27 -94.98
1742867418.69218 -7.985 -17.349 -0.141 9.58 -0.36 -96.04
1742867418.169182 -6.136 -17.385 -0.166 9.81 -2.59 -96.62
1742867418.269193 -4.204 -17.294 -0.168 9.52 -2.35 -95.45
1742867418.369213 -2.694 -17.294 -0.144 9.97 -3.39 -96.58
1742867418.469171 -2.686 -17.315 -0.156 9.58 -3.25 -96.59
1742867418.569189 -2.815 -17.287 -0.159 9.47 -3.22 -96.16
1742867418.669178 -2.946 -17.253 -0.152 9.67 -2.9 -95.82
1742867418.769182 -2.955 -17.269 -0.183 10.06 -3.87 -96.02
1742867418.869162 -2.836 -17.288 -0.168 9.92 -3.56 -96.46
1742867418.969208 -2.66 -17.286 -0.162 9.29 -3.66 -96.08
1742867419.69182 -2.542 -17.256 -0.159 8.52 -3.68 -95.67
1742867419.169181 -2.568 -17.245 -0.153 8.38 -4.15 -96
1742867419.269178 -2.636 -17.246 -0.168 8.51 -3.48 -96.34
1742867419.369195 -2.676 -17.247 -0.172 9.03 -3.53 -96.63
1742867419.472997 -2.715 -17.251 -0.176 8.98 -3.52 -97.3
1742867419.559201 -2.764 -17.25 -0.184 8.79 -3.64 -97.63
1742867419.659172 -2.826 -17.219 -0.192 8.93 -3.86 -97.79
1742867419.759201 -2.849 -17.187 -0.203 8.95 -3.82 -97.42
1742867419.859191 -2.715 -17.188 -0.192 9.06 -3.76 -97.31
1742867419.959180 -2.612 -17.143 -0.181 9.14 -3.55 -96.83
1742867420.59182 -2.64 -17.094 -0.191 9.21 -3.94 -96.33
1742867420.159216 -2.717 -17.14 -0.194 7.95 -4.43 -97.31
1742867420.259191 -2.779 -17.157 -0.17 7 -3.81 -97.01
1742867420.359188 -2.765 -17.104 -0.197 7.23 -4.39 -96.76
1742867420.459184 -2.867 -17.163 -0.139 3.99 -2.9 -98.31
1742867420.569232 -2.954 -17.174 -0.139 3.88 -3.05 -98.89
1742867420.659154 -3.009 -17.172 -0.142 4.19 -3.12 -98.86
1742867420.759179 -2.883 -17.085 -0.205 6.75 -4.15 -97.85
1742867420.859220 -2.989 -17.099 -0.179 4.68 -3.54 -98.58
1742867420.959154 -3.143 -17.101 -0.173 4.29 -3.74 -98.77
1742867421.69184 -3.183 -17.102 -0.178 4.28 -4.02 -98.92
1742867421.159201 -3.236 -17.104 -0.171 4.09 -3.48 -98.9
1742867421.259180 -3.289 -17.107 -0.142 3.58 -2.86 -99.32
1742867421.359200 -3.346 -17.107 -0.158 3.73 -3.19 -99.54
1742867421.459196 -3.401 -17.083 -0.157 3.85 -3.14 -99.08
1742867421.559203 -3.477 -17.05 -0.161 3.34 -3.55 -98.89
1742867421.659196 -3.58 -17.084 -0.137 2.35 -3.54 -99.54
1742867421.759193 -4.142 -17.176 -0.147 2.05 -3.69 -101.47
1742867421.859197 -5.485 -17.147 -0.151 1.07 -3.31 -100.77
1742867421.959171 -7.205 -17.224 -0.141 0.99 -3.74 -100.96
1742867422.69179 -9.373 -17.231 -0.1 1.68 -3.58 -99.88
1742867422.169189 -11.363 -17.246 -0.019 0.08 -0.82 -100.54
1742867422.259154 -13.41 -17.209 -0.004 -0.52 -1.19 -101.98
1742867422.359181 -15.374 -17.188 0.009 -0.24 -1.32 -103.33
1742867422.459194 -17.421 -17.125 -0.011 0.27 -2 -102.81
1742867422.559183 -19.587 -17.143 -0.008 0.51 -1.94 -102.66
1742867422.659180 -21.589 -16.958 -0.075 0.72 -4.04 -97.68
1742867422.759188 -23.748 -16.984 -0.083 0.77 -3.39 -99.93
1742867422.869187 -25.571 -17.024 -0.086 0.24 -3.01 -103.19
1742867422.959192 -27.501 -17.032 -0.025 -0.43 -0.72 -103.96
1742867423.59177 -27.469 -17.062 -0.026 -0.44 -0.71 -106.99
1742867423.159178 -27.429 -17.115 -0.028 -0.2 -0.81 -109.31
1742867423.259130 -25.596 -17.075 -0.053 0.3 -1.87 -103.67
1742867423.359194 -23.842 -16.912 -0.098 0.96 -3.67 -100.18
1742867423.459183 -21.81 -16.865 -0.084 0.56 -3.81 -96.4
1742867423.559219 -19.9 -17.095 -0.013 0.47 -2.06 -100.88
1742867423.669225 -17.907 -17.046 -0.016 0.19 -1.78 -103.47
1742867423.759183 -15.932 -17.095 0.001 -0.06 -1.27 -103.23
1742867423.869138 -13.94 -17.106 -0.008 -0.12 -1.1 -101.68
1742867423.959181 -12.012 -17.151 -0.023 0.23 -0.82 -98.57
1742867424.59185 -10.126 -17.191 -0.056 0.51 -1.76 -97.66
1742867424.159179 -8.108 -17.103 -0.141 0.44 -3.18 -99.72
1742867424.259179 -6.308 -17.042 -0.173 1.07 -3.59 -99.23
1742867424.359181 -4.438 -16.967 -0.162 2.03 -3.96 -99.82
1742867424.459229 -2.317 -16.905 -0.16 2.64 -3.91 -99.49
1742867424.559188 -0.317 -16.822 -0.133 3.4 -4.05 -100.11
1742867424.679187 1.847 -16.961 -0.127 3.25 -6.17 -102.2
1742867424.779228 3.796 -16.861 -0.248 3.63 -10.9 -99.3
1742867424.859191 5.761 -16.786 -0.241 3.88 -12.29 -96.35
1742867424.959196 7.603 -16.608 -0.261 4.42 -13.58 -96.01
1742867425.69189 9.688 -16.513 -0.25 2.41 -9.35 -95.43
1742867425.159182 11.695 -16.538 -0.165 0.39 -4.31 -98.4
1742867425.259182 13.552 -16.649 -0.122 1.35 -3.29 -103.56
1742867425.359174 14.878 -16.847 -0.023 0.99 -0.53 -109.74
1742867425.469191 13.772 -17.231 -0.025 0.73 -0.3 -127.49
1742867425.569186 11.919 -16.477 -0.19 2.56 -1.5 -141.75
1742867425.669179 8.536 -15.069 -0.319 6.14 -2.18 -173.12
1742867425.759180 6.062 -12.08 -0.354 -2.97 -3.71 151.87
1742867425.869191 4.504 -7.909 0.028 -2.48 -6.22 125.29
1742867432.269155 -22.75 -18.659 0.062 -0.28 0.56 -93.46
1742867432.469192 -22.786 -18.665 0.086 -0.55 0.53 -93.34
1742867432.569178 -22.641 -18.331 0.194 -1.43 2.99 -97.59
1742867432.679173 -22.55 -18.189 0.19 -1.21 3.11 -99.4
1742867432.769184 -22.577 -18.291 0.185 -1.67 1.83 -97.7
1742867432.959197 -22.833 -18.384 0.155 -0.81 2.79 -93.48
1742867433.59139 -22.924 -18.445 0.15 -0.58 3.03 -91.27
1742867433.169177 -22.859 -18.441 0.078 -0.19 0.8 -89.88
1742867433.269208 -22.802 -18.413 0.083 -0.52 1.18 -89.1
1742867433.459174 -22.714 -18.4 0.08 -0.01 1.46 -86.55
1742867433.569181 -22.644 -18.382 0.107 -0.71 1.23 -85.47
1742867433.769192 -22.475 -18.374 0.133 -0.99 1.81 -84.34
1742867433.969177 -22.537 -18.319 0.158 -0.87 3.2 -85.42
1742867434.69189 -22.519 -18.308 0.158 -0.94 2.31 -85.38
1742867434.169196 -22.538 -18.321 0.174 -0.96 2.86 -85.08
1742867434.459144 -22.633 -18.369 0.177 -0.65 3.66 -83.98
1742867434.559193 -22.64 -18.402 0.171 -0.71 3.44 -83.61
1742867434.659184 -22.649 -18.406 0.171 -0.91 2.59 -83.51
1742867434.759195 -22.661 -18.391 0.166 -0.65 3 -83.61
1742867434.969196 -22.643 -18.382 0.182 -1.22 2.98 -84.05
1742867435.59132 -22.55 -18.306 0.21 -1.48 3.6 -85.29
1742867435.159192 -22.597 -18.329 0.187 -1.31 3.17 -84.81
1742867435.269233 -22.564 -18.255 0.205 -1.54 3.63 -86.2
1742867435.369193 -22.537 -18.267 0.198 -1.43 3.33 -86
1742867435.459169 -22.539 -18.267 0.187 -1.05 3.73 -86.13
1742867435.569185 -22.517 -18.249 0.2 -1.3 3.83 -86.25
1742867435.669150 -22.519 -18.265 0.209 -1.39 3.85 -85.95
1742867435.769177 -22.522 -18.252 0.208 -1.42 3.7 -86.3
1742867435.869192 -22.603 -18.248 0.203 -1.59 3.29 -86.1
1742867435.959176 -22.614 -18.258 0.194 -1.38 3.22 -86.25
1742867436.59183 -22.704 -18.247 0.2 -1.27 3.6 -86.54
1742867436.159178 -22.738 -18.274 0.189 -1.15 3.63 -86.06
1742867436.259187 -22.716 -18.237 0.201 -1.39 3.57 -86.61
1742867436.369191 -22.726 -18.267 0.199 -1.37 3.45 -86.12
1742867436.469179 -22.704 -18.264 0.193 -1.38 3.25 -86.32
1742867436.569208 -22.493 -18.258 0.19 -0.94 4.16 -86.5
1742867436.669171 -22.497 -18.263 0.199 -1.33 4.08 -86.69
1742867436.769189 -22.562 -18.335 0.173 -1.2 2.82 -85.13
1742867436.859235 -22.489 -18.259 0.195 -1.14 4.05 -86.64
1742867436.959187 -22.498 -18.262 0.203 -1.36 3.33 -86.63
1742867437.59203 -22.51 -18.257 0.185 -0.98 3.93 -86.53
1742867437.159194 -22.516 -18.279 0.183 -0.93 3.61 -86.35
1742867437.259146 -22.541 -18.301 0.174 -0.9 2.87 -85.74
1742867437.359182 -22.709 -18.409 0.176 -0.63 3.95 -84.09
1742867437.469175 -22.695 -18.404 0.177 -0.4 4.22 -83.76
1742867437.559179 -22.695 -18.395 0.185 -0.59 3.86 -83.9
1742867437.669192 -22.671 -18.405 0.183 -0.48 3.52 -84.12
1742867437.759197 -22.686 -18.388 0.174 -0.3 3.9 -84.03
1742867437.859180 -22.675 -18.401 0.178 -0.39 3.74 -83.92
1742867437.979184 -22.644 -18.391 0.183 -0.92 3.08 -83.47
1742867438.59219 -22.631 -18.378 0.166 -0.91 2.01 -82.89
1742867438.169193 -22.6 -18.33 0.173 -1.24 2.37 -82.82
1742867438.259180 -22.653 -18.331 0.155 -1.38 0.26 -82.55
1742867438.359178 -22.576 -18.314 0.136 -1.47 1.26 -82.55
1742867438.459180 -22.44 -18.281 0.143 -1.5 0.57 -82.52
1742867438.569180 -22.469 -18.317 0.106 -1.44 0.54 -81.87
1742867438.659190 -22.475 -18.281 0.105 -1.2 0.39 -83.07
1742867438.759219 -22.505 -18.327 0.136 -1.69 0.49 -83.15
1742867438.869199 -22.458 -18.339 0.127 -1.56 0.3 -82.96
1742867438.959175 -22.444 -18.352 0.102 -1.39 0.12 -82.63
1742867439.59223 -22.471 -18.369 0.115 -1.34 0.23 -82.56
1742867439.159181 -22.464 -18.316 0.1 -1.14 0.11 -83.14
1742867439.259181 -22.474 -18.331 0.107 -1.27 0.27 -82.97
1742867439.359200 -22.464 -18.318 0.108 -1.53 0.34 -83.08
1742867439.469160 -22.499 -18.327 0.105 -1.48 0.3 -82.94
1742867439.559196 -22.522 -18.304 0.111 -1.41 0.39 -82.78
1742867439.669176 -22.451 -18.245 0.104 -0.97 0.35 -83.49
1742867439.759194 -22.435 -18.24 0.13 -1.41 0.8 -83.67
1742867439.859191 -22.391 -18.222 0.16 -1.4 0.76 -84.73
1742867439.969221 -22.517 -18.183 0.166 -1.44 1.14 -85.94
1742867440.59192 -22.543 -18.176 0.154 -1.01 1.52 -86.13
1742867440.159190 -22.52 -18.175 0.17 -1.43 2.15 -86.25
1742867440.269182 -22.518 -18.082 0.109 -0.86 0.96 -87.9
1742867440.359174 -22.622 -18.083 0.112 -0.97 0.45 -88.12
1742867440.479204 -22.674 -18.181 0.115 -0.9 1.28 -86.65
1742867440.589189 -22.481 -18.21 0.122 -0.8 0.76 -87.15
1742867440.769193 -22.484 -18.379 0.073 -0.37 0.62 -86.58
1742867440.869182 -22.507 -18.389 0.068 -0.34 0.62 -86.67
1742867440.959173 -22.538 -18.378 0.06 -0.1 1.43 -87.11
1742867441.59188 -22.563 -18.398 0.066 -0.25 1.2 -87.87
1742867441.159203 -22.758 -18.445 0.055 -0.18 1.44 -87.38
1742867441.269181 -22.785 -18.444 0.058 -0.28 1.87 -87.15
1742867441.369196 -22.854 -18.466 0.051 -0.11 1.17 -86.45
1742867441.469158 -22.849 -18.448 0.064 -0.21 1.26 -86.04
1742867441.569200 -22.898 -18.433 0.062 -0.23 1.5 -85.88
1742867441.659202 -22.793 -18.398 0.096 -0.69 2.41 -86.34
1742867441.759169 -22.845 -18.342 0.084 -0.32 1.07 -87.14
1742867441.859185 -22.657 -18.183 0.177 -1.75 2.37 -89.06
1742867441.969189 -21.11 -18.065 0.279 -3.54 1.55 -88.77
1742867442.69196 -19.014 -17.819 0.291 -4.25 1.61 -92.58
1742867442.169195 -16.703 -17.439 0.277 -4.47 1.61 -98.89
1742867442.259192 -14.289 -17.752 0.339 -4.42 2.87 -107.32
1742867442.369179 -11.661 -19.665 0.287 -4.41 1.07 -114.6
1742867442.479189 -11.375 -20.111 0.26 -4.71 -0.63 -108.22
1742867442.569196 -11.731 -20.609 0.318 -6.11 -2.14 -100.53
1742867442.659167 -11.904 -20.805 0.337 -5.96 -2.95 -99.71
1742867442.759202 -11.922 -20.745 0.375 -6.16 -2.59 -99.53
1742867442.869191 -11.978 -20.734 0.341 -5.51 -1.17 -99.6
1742867442.969181 -11.893 -20.553 0.338 -5.3 0.02 -100.57
1742867443.69180 -11.905 -20.493 0.316 -5.39 -0.33 -101.55
1742867443.159185 -11.896 -20.445 0.306 -5.34 -0.25 -102.1
1742867443.279222 -11.965 -20.462 0.3 -5.59 -0.43 -101.46
