1742866885.649227 0.017 0.01 -0.039 -0.17 0.27 -0.34
1742866885.749224 0.02 0.007 -0.041 -0.34 0.54 -0.42
1742866885.859210 0.011 -0.012 -0.05 -0.5 0.41 -0.25
1742866885.959177 0.015 0.006 -0.036 -0.42 0.58 -0.31
1742866886.59226 0.02 0 -0.039 -0.39 0.53 -0.33
1742866886.149185 0.02 -0.008 -0.039 -0.45 0.52 -0.27
1742866886.249160 0.013 0.004 -0.036 -0.32 0.58 -0.2
1742866886.349176 0.014 -0.004 -0.033 -0.37 0.66 -0.25
1742866886.449172 0.017 0 -0.037 -0.35 0.53 -0.27
1742866886.559193 0.026 0 -0.03 -0.17 0.57 -0.42
1742866886.649184 0.009 -0.002 -0.037 -0.39 0.57 -0.18
1742866886.759189 0.021 -0.006 -0.04 -0.49 0.43 -0.4
1742866886.849169 0.015 0.01 -0.039 -0.33 0.39 -0.36
1742866886.949196 0.02 0 -0.038 -0.18 0.42 -0.45
1742866887.49178 0.016 0.008 -0.044 -0.3 0.41 -0.34
1742866887.149190 0.02 0.002 -0.03 -0.09 0.47 -0.49
1742866887.249160 0.03 -0.008 -0.033 -0.12 0.3 -0.64
1742866887.359173 0.022 0.005 -0.033 0 0.31 -0.5
1742866887.449185 0.036 0.008 -0.032 0.01 0.49 -0.83
1742866887.549180 0.028 0.005 -0.035 -0.09 0.18 -0.61
1742866887.649153 0.026 0.01 -0.023 0.15 0.4 -0.61
1742866887.759193 0.023 0.016 -0.036 -0.1 0.52 -0.58
1742866887.849182 0.028 0 -0.03 0 0.34 -0.56
1742866887.949168 0.022 0.004 -0.039 -0.17 0.53 -0.49
1742866888.39177 0.03 -0.001 -0.031 -0.07 0.15 -0.6
1742866888.149218 0.017 0.005 -0.036 -0.17 0.5 -0.4
1742866888.249184 0.02 0.005 -0.033 -0.16 0.44 -0.4
1742866888.349185 0.021 0.002 -0.035 -0.3 0.47 -0.45
1742866888.449186 0.011 0.014 -0.037 -0.44 0.7 -0.32
1742866888.559174 0.01 0.002 -0.034 -0.32 0.52 -0.24
1742866888.659226 0.016 0.007 -0.042 -0.37 0.54 -0.33
1742866888.749180 0.021 -0.002 -0.035 -0.44 0.82 -0.4
1742866888.849170 0.012 0.007 -0.032 -0.5 0.84 -0.18
1742866888.949182 0.022 -0.004 -0.036 -0.49 0.6 -0.23
1742866889.59203 0.025 -0.004 -0.034 -0.45 0.77 -0.38
1742866889.159184 0.015 0.001 -0.034 -0.58 0.82 -0.24
1742866889.249216 0.027 0.006 -0.038 -0.32 0.69 -0.42
1742866889.349178 0.023 -0.004 -0.041 -0.45 0.55 -0.48
1742866889.449170 0.028 0.011 -0.045 -0.19 0.32 -0.56
1742866889.559189 0.038 0.01 -0.045 -0.24 0.13 -0.69
1742866889.659187 0.041 0.021 -0.041 -0.12 0.13 -0.76
1742866889.759174 0.035 0.022 -0.028 0.01 0.19 -0.75
1742866889.859207 0.046 0.034 -0.036 -0.13 0.12 -0.7
1742866889.949177 0.038 0.019 -0.039 -0.23 0.36 -0.51
1742866890.49176 0.041 0.028 -0.031 -0.14 0.12 -0.37
1742866890.149175 0.039 0.004 -0.035 -0.44 0.5 -0.35
1742866890.249178 0.033 0.015 -0.036 -0.16 0.43 -0.31
1742866890.359202 0.027 0.003 -0.04 -0.13 0.06 -0.41
1742866890.449183 0.032 -0.008 -0.042 -0.06 0.24 -0.89
1742866890.549170 0.023 -0.012 -0.046 -0.15 0.21 -1.18
1742866890.659180 0.032 -0.03 -0.039 -0.25 -0.02 -1.5
1742866890.749170 0.02 -0.05 -0.043 -0.06 0.09 -1.67
1742866890.849168 0.014 -0.047 -0.045 -0.19 -0.21 -1.46
1742866890.959204 0.017 -0.051 -0.044 0.11 -0.32 -1.46
1742866891.49170 0.01 -0.051 -0.043 -0.1 -0.23 -1.3
1742866891.159173 0.006 -0.074 -0.026 0.08 0.01 -1.03
1742866891.269173 -0.004 -0.082 -0.041 -0.14 0.03 -0.56
1742866891.349169 0.011 -0.107 -0.041 -0.14 -0.16 -0.45
1742866891.449174 0.017 -0.117 -0.044 0.01 -0.36 -0.36
1742866891.549177 0.026 -0.15 -0.045 0.01 -0.21 -0.18
1742866891.649181 0.026 -0.162 -0.037 0.14 -0.1 0.29
1742866891.759197 0.039 -0.162 -0.033 0.12 -0.26 0.43
1742866891.849170 0.029 -0.174 -0.036 0 -0.28 0.59
1742866891.949182 0.04 -0.214 -0.037 0.03 -0.2 0.46
1742866892.39174 0.032 -0.223 -0.033 0 0.06 0.43
1742866892.149199 0.037 -0.248 -0.038 -0.06 -0.23 0.08
1742866892.249179 0.043 -0.249 -0.031 0.07 -0.1 0.15
1742866892.349184 0.039 -0.258 -0.027 0.03 -0.12 0
1742866892.439189 0.045 -0.272 -0.031 0.11 -0.06 -0.34
1742866892.539192 0.029 -0.301 -0.029 0.16 -0.36 0
1742866892.644465 0.013 -0.327 -0.036 0.08 -0.18 0.12
1742866892.839200 0.017 -0.328 -0.022 0.46 0.67 0.38
1742866892.939190 0.016 -0.331 -0.022 0.49 0.39 0.63
1742866893.39155 0.029 -0.329 -0.022 0.39 0.38 0.77
1742866893.139176 0.029 -0.359 -0.019 0.13 0.81 1.03
1742866893.239202 0.027 -0.393 -0.023 0.14 0.77 1.29
1742866893.339175 0.032 -0.41 -0.015 -0.04 0.85 1.4
1742866893.439182 0.036 -0.424 -0.02 0.2 0.75 1.55
1742866893.549189 0.038 -0.431 -0.018 0.2 0.53 1.8
1742866893.639177 0.032 -0.435 -0.019 0.26 0.67 1.97
1742866893.739174 0.035 -0.445 -0.016 0.37 0.7 2.16
1742866893.839188 0.039 -0.472 -0.014 0.12 1.11 2.14
1742866893.939169 0.037 -0.494 -0.011 0.28 0.67 2.67
1742866894.39195 0.037 -0.551 -0.016 -0.02 0.45 3.14
1742866894.139195 0.042 -0.552 0 0.13 0.75 3.14
1742866894.239174 0.052 -0.566 0 0.01 0.83 3.12
1742866894.349175 0.05 -0.576 0.006 0.14 1.11 3.06
1742866894.439179 0.051 -0.621 -0.01 -0.11 0.72 3.37
1742866894.539181 0.055 -0.617 -0.008 -0.01 0.7 3.34
1742866894.644461 0.062 -0.641 -0.007 0.19 0.93 3.41
1742866894.839176 0.06 -0.663 -0.004 0.47 0.88 4.28
1742866894.949174 0.061 -0.665 -0.004 0.36 0.97 4.12
1742866895.39170 0.066 -0.687 -0.005 0.36 0.91 4.06
1742866895.139176 0.065 -0.689 -0.008 0.44 0.81 4.05
1742866895.239184 0.067 -0.706 -0.009 0.27 0.81 4.11
1742866895.339178 0.066 -0.719 -0.006 0.17 0.9 3.99
1742866895.439170 0.075 -0.726 -0.011 0.26 0.56 3.8
1742866895.549177 0.089 -0.785 -0.018 0.06 0.73 3.45
1742866895.639205 0.085 -0.811 -0.022 -0.27 0.51 3.26
1742866895.749190 0.083 -0.824 -0.011 0.13 0.27 3.18
1742866895.849189 0.087 -0.826 -0.009 0.07 0.47 2.77
1742866895.949187 0.084 -0.861 -0.008 0 0.37 2.51
1742866896.39161 0.081 -0.888 -0.009 -0.04 0.54 2.34
1742866896.139178 0.078 -0.9 -0.015 -0.11 0.66 2.19
1742866896.239190 0.084 -0.914 -0.011 -0.03 0.77 2.12
1742866896.339198 0.09 -0.919 -0.01 0 0.5 2.05
1742866896.454476 0.081 -0.952 -0.012 -0.32 0.81 2.08
1742866896.649189 0.093 -0.996 -0.001 -0.18 1.39 1.76
1742866896.749189 0.09 -1.015 -0.002 -0.18 1.46 1.77
1742866896.849176 0.097 -1.038 -0.008 -0.27 1.19 1.67
1742866896.939167 0.091 -1.044 -0.004 -0.37 1.12 1.75
1742866897.39187 0.093 -1.055 -0.001 -0.08 1.09 1.68
1742866897.139166 0.093 -1.085 -0.001 -0.2 1.12 1.58
1742866897.239203 0.09 -1.118 -0.002 -0.38 1.12 1.44
1742866897.339186 0.086 -1.154 -0.008 -0.52 1.1 1.31
1742866897.439176 0.085 -1.17 -0.007 -0.39 1.42 1
1742866897.539179 0.085 -1.178 -0.001 -0.29 1.4 0.78
1742866897.649194 0.087 -1.217 -0.003 -0.49 1.49 0.49
1742866897.739178 0.091 -1.243 -0.002 -0.5 1.54 0.17
1742866897.844367 0.092 -1.264 -0.009 -0.63 1.41 0.08
1742866898.49214 0.086 -1.322 -0.02 -0.27 2.37 -0.05
1742866898.139169 0.088 -1.353 -0.014 -0.39 2.17 0.12
1742866898.239179 0.088 -1.382 -0.017 -0.29 2.12 0.35
1742866898.349179 0.084 -1.393 -0.021 -0.27 2.38 0.28
1742866898.439186 0.084 -1.415 -0.024 -0.29 2.36 0.15
1742866898.539152 0.077 -1.434 -0.023 -0.5 2.51 -0.2
1742866898.639182 0.079 -1.469 -0.023 -0.55 2.41 -0.46
1742866898.739189 0.075 -1.484 -0.02 -0.46 2.62 -0.76
1742866898.839189 0.084 -1.526 -0.019 -0.57 2.59 -1.3
1742866898.949177 0.089 -1.558 -0.021 -0.69 2.52 -1.61
1742866899.44457 0.091 -1.569 -0.02 -0.73 2.54 -1.92
1742866899.249213 0.081 -1.608 -0.02 -0.53 2.8 -2.49
1742866899.349175 0.084 -1.63 -0.03 -0.48 2.46 -2.89
1742866899.449140 0.084 -1.663 -0.023 -0.8 2.42 -3.24
1742866899.539170 0.077 -1.672 -0.024 -0.65 2.37 -3.51
1742866899.649181 0.074 -1.705 -0.026 -0.62 2.16 -3.66
1742866899.749179 0.073 -1.712 -0.026 -0.52 2.16 -3.75
1742866899.839171 0.071 -1.747 -0.027 -0.53 1.9 -3.72
1742866899.939159 0.075 -1.762 -0.028 -0.67 1.85 -3.93
1742866900.39182 0.076 -1.792 -0.032 -0.67 1.98 -4.48
1742866900.139175 0.079 -1.817 -0.036 -0.74 2.07 -4.87
1742866900.249177 0.074 -1.831 -0.028 -0.61 2.12 -5.05
1742866900.349188 0.072 -1.864 -0.034 -0.72 1.79 -5.24
1742866900.444463 0.064 -1.876 -0.035 -0.72 1.97 -5.49
1742866900.639180 0.054 -1.922 -0.036 -0.65 2.03 -5.99
1742866900.749181 0.05 -1.937 -0.037 -0.6 1.96 -6.1
1742866900.839169 0.048 -1.947 -0.041 -0.62 1.9 -6.28
1742866900.939178 0.043 -1.979 -0.037 -0.61 1.8 -6.47
1742866901.49176 0.04 -2.015 -0.037 -0.75 1.82 -6.68
1742866901.149176 0.04 -2.041 -0.038 -0.64 1.83 -6.56
1742866901.249200 0.027 -2.068 -0.035 -0.67 2 -6.39
1742866901.349229 0.028 -2.091 -0.036 -0.69 1.94 -6.12
1742866901.449184 0.014 -2.107 -0.033 -0.69 2.2 -5.88
1742866901.549232 0.015 -2.146 -0.036 -0.79 2 -5.78
1742866901.639225 0.016 -2.165 -0.041 -0.6 1.88 -5.68
1742866901.754465 0.004 -2.194 -0.04 -0.37 2.03 -5.51
1742866901.949221 -0.007 -2.276 -0.045 -0.2 2.71 -5.83
1742866902.249154 -0.02 -2.433 -0.039 -0.42 2.84 -6.01
1742866902.349178 -0.032 -2.471 -0.035 -0.54 2.86 -5.84
1742866902.444422 -0.037 -2.515 -0.031 -0.53 2.86 -5.55
1742866902.649184 -0.043 -2.633 -0.03 -0.7 2.86 -5.19
1742866902.849201 -0.057 -2.733 -0.027 -0.88 2.86 -5.62
1742866902.949176 -0.062 -2.791 -0.042 -0.71 2.86 -5.9
1742866903.54500 -0.061 -2.864 -0.03 -0.93 2.86 -6.49
1742866903.249183 -0.078 -3.021 -0.04 -1.07 2.86 -7.74
1742866903.349190 -0.092 -3.079 -0.035 -0.97 2.86 -8.14
1742866903.554490 -0.111 -3.222 -0.042 -0.79 2.7 -8.62
1742866903.749196 -0.131 -3.393 -0.027 -1 2.86 -8.64
1742866903.849197 -0.142 -3.464 -0.033 -0.82 2.84 -9.43
1742866903.954486 -0.156 -3.529 -0.028 -0.98 2.86 -10.36
1742866904.354485 -0.213 -3.824 0.003 -1.6 2.86 -11.82
1742866904.559180 -0.246 -3.955 -0.011 -1.55 2.86 -10.29
1742866904.739159 -0.276 -4.105 0.011 -1.52 2.86 -8.71
1742866904.844488 -0.292 -4.177 0.013 -1.64 2.86 -8.14
1742866905.149189 -0.31 -4.38 0.021 -1.61 2.86 -6.35
1742866905.239213 -0.331 -4.45 0.022 -1.78 2.86 -5.62
1742866905.344490 -0.336 -4.527 0.037 -1.67 2.86 -4.45
1742866905.639200 -0.336 -4.688 0.049 -1.74 2.86 -2.17
1742866905.739178 -0.347 -4.769 0.062 -1.9 2.86 -2.82
1742866905.844514 -0.36 -4.84 0.049 -1.79 2.86 -4.03
1742866906.149179 -0.374 -4.961 0.044 -1.97 2.86 -5.58
1742866906.249176 -0.416 -5.01 0.061 -2.03 2.86 -5.56
1742866906.339177 -0.351 -5.084 0.068 -1.87 2.86 -2.54
1742866906.454510 -0.367 -5.147 0.065 -1.9 2.86 -1.27
1742866906.749200 -0.443 -5.268 0.044 -1.27 2.86 -1.34
1742866906.849179 -0.464 -5.291 0.056 -1.62 2.86 -1.89
1742866906.939179 -0.458 -5.332 0.044 -1.56 2.86 -1.86
1742866907.49178 -0.47 -5.388 0.047 -1.39 2.86 -2.13
1742866907.154463 -0.471 -5.436 0.054 -1.46 2.86 -2.21
1742866907.549174 -0.483 -5.597 0.077 -1.69 2.86 -1.36
1742866907.649191 -0.48 -5.645 0.075 -1.88 2.86 -0.75
1742866907.749190 -0.476 -5.69 0.065 -1.8 2.86 -0.21
1742866907.854511 -0.445 -5.74 0.1 -2.09 2.86 0.18
1742866908.249189 -0.484 -5.912 0.091 -2.29 2.86 -0.16
1742866908.349176 -0.509 -5.947 0.1 -2.44 2.86 0.22
1742866908.439175 -0.486 -5.986 0.1 -2.45 2.86 1.17
1742866908.549180 -0.475 -6.02 0.1 -2.06 2.86 1.84
1742866908.654495 -0.432 -6.09 0.09 -1.78 2.86 2.89
1742866908.849171 -0.426 -6.187 0.1 -1.74 2.86 3.56
1742866909.39182 -0.435 -6.262 0.1 -1.83 2.86 3.82
1742866909.149184 -0.397 -6.292 0.1 -1.63 2.86 4.9
1742866909.249181 -0.397 -6.327 0.1 -1.68 2.86 5.54
1742866909.339189 -0.397 -6.36 0.1 -1.54 2.86 6.36
1742866909.454518 -0.375 -6.395 0.1 -1.62 2.86 7.55
1742866909.549192 -0.374 -6.427 0.1 -1.38 2.86 8.28
1742866909.849187 -0.365 -6.512 0.094 -1.09 2.86 10.15
1742866909.939211 -0.359 -6.566 0.098 -1.36 2.86 10.19
1742866910.49175 -0.359 -6.599 0.1 -1.46 2.86 10.17
1742866910.149188 -0.362 -6.613 0.096 -1.53 2.86 10.18
1742866910.249190 -0.367 -6.624 0.1 -1.53 2.86 10.18
1742866910.349181 -0.368 -6.65 0.1 -1.44 2.86 10.06
1742866910.449189 -0.359 -6.676 0.1 -1.5 2.86 10.1
1742866910.539179 -0.38 -6.68 0.1 -1.71 2.86 9.84
1742866910.749217 -0.362 -6.75 0.091 -1.8 2.86 9.81
1742866911.149178 -0.288 -6.918 0.084 -1.73 2.86 8.07
1742866911.249198 -0.284 -6.939 0.087 -1.63 2.86 7.61
1742866911.339170 -0.272 -6.968 0.074 -1.56 2.86 7.26
1701998435.841887802 -0.274 -7.012 0.086 1.83016e+07 1.75135e+07 1.39929e+07
1742866911.949195 -0.253 -7.107 0.089 -1.53 2.86 7.48
1742866912.49185 -0.22 -7.171 0.063 -1.65 2.46 7.66
1742866912.139175 -0.226 -7.174 0.06 -1.64 2.86 7.56
1742866912.249211 -0.223 -7.195 0.076 -1.64 2.83 7.44
1742866912.349197 -0.209 -7.209 0.074 -1.76 2.79 7.14
1742866912.449196 -0.192 -7.252 0.066 -1.6 2.86 6.96
1742866912.549194 -0.184 -7.269 0.071 -1.68 2.86 6.71
1701998435.808333370 -0.167 -7.301 0.072 1.83016e+07 1.75135e+07 1.39929e+07
1742866913.149192 -0.154 -7.455 0.062 1.57 2.39 6.54
1742866913.249195 -0.147 -7.45 0.076 1.21 2.72 6.4
1742866913.339185 -0.152 -7.449 0.052 1.3 2.86 6.43
1742866913.439182 -0.155 -7.435 0.062 1.19 2.82 6.56
1742866913.549183 -0.148 -7.466 0.077 0.77 2.83 6.58
1742866913.649227 -0.146 -7.477 0.065 0.81 2.86 6.71
1742866913.739217 -0.152 -7.479 0.063 0.86 2.81 6.7
1742866913.849179 -0.146 -7.498 0.059 0.93 2.86 6.74
1742866913.949188 -0.151 -7.499 0.065 1.1 2.86 6.72
1742866914.49181 -0.149 -7.52 0.058 1.42 2.86 6.57
1742866914.149177 -0.137 -7.549 0.056 1.53 2.86 6.66
1701998435.841887802 -0.121 -7.615 0.054 1.83016e+07 1.75135e+07 1.39929e+07
1742866914.739151 -0.082 -7.746 0.059 2.86 2.86 6.94
1742866914.849187 -0.087 -7.762 0.062 2.86 2.86 6.85
1742866914.949189 -0.078 -7.797 0.058 2.86 2.86 6.93
1742866915.49190 -0.077 -7.828 0.054 2.86 2.86 6.97
1742866915.169163 -0.077 -7.85 0.044 2.86 2.54 6.93
1742866915.249170 -0.086 -7.864 0.06 2.86 2.61 6.87
1742866915.349191 -0.065 -7.867 0.074 2.86 2.86 7.12
1742866915.449224 -0.075 -7.884 0.059 2.86 2.65 7.16
1742866915.549210 -0.082 -7.889 0.068 2.86 2.26 7.22
979726959.892874288 -0.068 -7.926 -1.61061e+06 1.63454e+07 1.76845e+07 1.66641e+07
1742866916.149189 -0.044 -8.051 0.059 2.86 2.59 6.84
1742866916.259239 -0.045 -8.074 0.046 2.86 2.7 6.73
1742866916.349225 -0.038 -8.104 0.047 2.86 2.84 6.64
1742866916.459154 -0.024 -8.132 0.036 2.86 2.62 6.58
1742866916.549180 -0.022 -8.165 0.031 2.86 2.68 6.41
1742866916.659181 -0.031 -8.191 0.019 2.86 2.45 6.13
1742866916.859155 -0.009 -8.261 0.001 2.86 2.75 5.97
1742866917.269191 -0.006 -8.392 -0.014 2.86 2.59 5.98
1742866917.359181 0.007 -8.399 0 2.86 2.74 6.1
1742866917.459168 0.004 -8.44 -0.013 2.86 2.6 6.04
1742866917.569212 0.012 -8.492 -0.01 2.86 2.54 6.05
1830161056.1751348321 0.014 -8.547 -0.007 2.86 2.4 6.09
1742866918.169221 0.059 -8.759 -0.033 2.86 2.57 6.74
1742866918.269199 0.073 -8.825 -0.031 2.86 2.42 7.1
1701998435.841887802 0.078 -8.88 -0.054 1.83016e+07 1.75135e+07 1.39929e+07
1742866918.869197 0.094 -9.019 -0.091 2.86 2.27 6.36
1742866918.979177 0.095 -9.074 -0.056 2.86 2.45 6.13
1742866919.69193 0.097 -9.105 -0.052 2.84 2.4 6.16
1742866919.169179 0.107 -9.159 -0.081 2.86 2.28 6.55
1701998435.808333370 0.114 -9.211 -0.059 1.83016e+07 1.75135e+07 1.39929e+07
1742866919.769221 0.121 -9.34 -0.08 2.86 2.1 9.57
1742866919.869158 0.133 -9.365 -0.046 2.86 2.29 8.96
1742866919.979197 0.137 -9.433 -0.1 2.86 2.19 8.21
1742866920.69176 0.143 -9.477 -0.1 2.86 2.46 7.63
1701998435.808333370 0.165 -9.524 -0.066 1.83016e+07 1.75135e+07 1.39929e+07
1742866920.679213 0.179 -9.802 -0.058 2.7 1.95 7.1
1742866920.779249 0.16 -9.812 -0.1 2.86 2.55 7.6
1742866920.989198 0.183 -9.916 -0.081 2.86 2.24 8.41
1742866921.369177 0.25 -10.055 -0.1 2.86 2.35 7.81
1742866921.479194 0.254 -10.087 -0.1 2.86 2.26 7.19
1742866921.579183 0.265 -10.124 -0.1 2.86 2.29 6.37
1742866921.789183 0.275 -10.204 -0.1 2.86 2.41 5.3
1742866922.169170 0.27 -10.388 -0.1 2.86 2.31 5.33
1742866922.269148 0.263 -10.428 -0.1 2.86 2.5 5.79
1742866922.369175 0.258 -10.442 -0.1 2.86 2.3 6.1
1701998435.808333370 0.287 -10.475 -0.1 1.83016e+07 1.75135e+07 1.39929e+07
1742866922.979197 0.34 -10.622 -0.1 2.86 2.44 4.3
1742866923.79178 0.343 -10.67 -0.1 2.85 2.58 3.67
1742866923.189136 0.33 -10.738 -0.1 2.86 2.37 3.37
1742866923.295562 0.337 -10.792 -0.1 2.85 2.45 3.38
1742866923.769155 0.332 -11.014 -0.1 2.7 2.4 5.08
1742866923.879178 0.36 -11.062 -0.1 2.85 2.35 5.04
1742866923.979178 0.353 -11.089 -0.1 2.86 2.43 4.79
1742866924.199202 0.37 -11.182 -0.1 2.48 2.49 3.97
1742866924.579211 0.357 -11.406 -0.1 2.86 2.28 4.32
1701998435.808333370 0.373 -11.453 -0.1 1.83016e+07 1.75135e+07 1.39929e+07
1742866924.879192 0.378 -11.525 -0.1 2.86 2.2 5.13
1742866925.189148 0.408 -11.59 -0.1 2.86 2.06 4.47
1742866925.279185 0.398 -11.635 -0.1 2.86 2.59 3.96
1742866925.389194 0.41 -11.671 -0.1 2.86 2.21 3.46
1742866925.479165 0.404 -11.719 -0.1 2.86 1.93 3.04
1701998435.808333370 0.394 -11.77 -0.1 1.83016e+07 1.75135e+07 1.39929e+07
1742866925.789195 0.404 -11.846 -0.1 2.86 1.88 3.79
1742866926.89199 0.414 -11.958 -0.1 2.86 1.93 4.96
1742866926.179177 0.419 -11.99 -0.1 2.86 2.44 5.24
1742866926.279179 0.412 -12.015 -0.1 2.86 2.1 5.35
1742866926.379225 0.422 -12.052 -0.1 2.86 2.3 5.15
1701998435.808333370 0.411 -12.089 -0.1 1.83016e+07 1.75135e+07 1.39929e+07
1742866926.789176 0.43 -12.214 -0.1 2.86 2.58 3.46
1742866926.979175 0.443 -12.319 -0.1 2.86 1.59 3.11
1742866927.89178 0.44 -12.367 -0.1 2.49 2.69 3.37
1701998435.808333370 0.441 -12.402 -0.1 1.83016e+07 1.75135e+07 1.39929e+07
1742866927.389185 0.462 -12.469 -0.1 2.71 2.43 3.87
1742866927.689179 0.449 -12.562 -0.1 2.86 2.35 2.08
1742866927.779179 0.457 -12.615 -0.1 2.68 2.6 1.17
1742866927.899177 0.464 -12.673 -0.1 2.86 2.08 0.37
1701998435.808333370 0.462 -12.746 -0.1 1.83016e+07 1.75135e+07 1.39929e+07
1742866928.199194 0.448 -12.864 -0.1 2.86 2.14 -1.05
1742866928.629196 0.438 -13.115 -0.1 2.86 2.26 -0.39
1742866928.989181 0.451 -13.261 -0.1 0.75 1.97 -1.38
1742866929.99177 0.425 -13.173 -0.1 0.92 0 -1.68
1742866929.189180 0.447 -13.243 -0.1 0.03 1.74 -2.65
1742866929.299178 0.434 -13.249 -0.1 -1.88 2.34 -2.71
1742866929.389155 0.439 -13.314 -0.1 -0.91 1.17 -2.72
1742866929.479195 0.431 -13.339 -0.1 -2.1 1.55 -2.35
1742866929.589190 0.421 -13.327 -0.1 -2.82 1.49 -2.45
1701998435.808333370 0.423 -13.355 -0.1 1.83016e+07 1.75135e+07 1.39929e+07
1742866930.89188 0.422 -13.466 -0.1 -2.86 1.48 -3.79
1742866930.189178 0.421 -13.501 -0.1 -2.86 1.32 -4.39
1742866930.299187 0.423 -13.536 -0.1 -2.86 1.39 -5.21
1742866930.389181 0.407 -13.562 -0.1 -2.86 0.58 -5.76
1742866930.499177 0.409 -13.596 -0.1 -2.86 1.19 -6.32
1742866930.589185 0.409 -13.632 -0.1 -2.86 1.01 -6.94
1701998435.808333370 0.403 -13.669 -0.1 1.83016e+07 1.75135e+07 1.39929e+07
1742866931.89189 0.391 -13.791 -0.1 -2.86 0.4 -9.07
1742866931.189179 0.383 -13.808 -0.1 -2.86 0.59 -9.62
1742866931.299145 0.389 -13.837 -0.1 -2.86 0.74 -10.36
1742866931.409202 0.384 -13.865 -0.1 -2.86 0.36 -11.18
1742866931.499185 0.375 -13.896 -0.1 -2.86 0 -12.24
1742866931.589178 0.378 -13.919 -0.1 -2.86 -0.04 -13.43
1701998435.808333370 0.379 -13.968 -0.1 1.83016e+07 1.75135e+07 1.39929e+07
1742866932.89173 0.323 -14.11 -0.1 -2.86 -0.41 -18.81
1742866932.199178 0.325 -14.124 -0.1 -2.86 -0.41 -19.88
1742866932.289176 0.301 -14.146 -0.1 -2.86 -0.57 -21.26
1742866932.399174 0.277 -14.173 -0.1 -2.86 -0.63 -22.88
1742866932.499179 0.244 -14.196 -0.1 -2.86 -1.05 -24.74
1701998435.808333370 0.238 -14.234 -0.1 1.83016e+07 1.75135e+07 1.39929e+07
1742866933.189191 0.123 -14.464 -0.084 -2.86 -1.85 -37.84
1701998435.808333370 0.088 -14.539 -0.1 1.83016e+07 1.75135e+07 1.39929e+07
1742866933.879194 -0.058 -14.676 -0.094 -2.86 -2.11 -49.19
1742866933.989234 -0.088 -14.723 -0.094 -2.86 -2.17 -50.52
980645236.1768700721 -0.126 -14.757 -0.091 1.93771e+07 1.86984e+07 1.63501e+07
1742866934.579202 -0.298 -14.894 -0.088 -2.86 -2.44 -57.33
1742866934.669174 -0.317 -14.906 -0.087 -2.86 -2.24 -58.61
1742866934.769169 -0.35 -14.924 -0.084 -2.79 -2.48 -59.97
1701998435.808333370 -0.383 -14.946 -0.1 1.83016e+07 1.75135e+07 1.39929e+07
1742866935.379203 -0.556 -15.099 -0.09 -1.99 -2.86 -68.17
1701998435.808333370 -0.629 -15.13 -0.061 1.83016e+07 1.75135e+07 1.39929e+07
1742866935.979232 -0.832 -15.198 -0.075 -1.72 -2.86 -74.47
1742866936.69189 -0.883 -15.209 -0.079 -1.46 -2.86 -75.42
1701998435.808333370 -0.982 -15.213 -0.055 1.83016e+07 1.75135e+07 1.39929e+07
1742866936.689191 -1.251 -15.272 -0.068 -1.29 -2.86 -77.29
1830161056.1751348321 -1.311 -15.292 -0.065 -1.15 -2.86 -77.47
1742866937.279224 -1.552 -15.341 -0.09 -0.85 -2.86 -80.21
1742866937.379224 -1.59 -15.364 -0.039 -0.52 -2.86 -80.81
1701998435.808333370 -1.652 -15.361 -0.066 1.83016e+07 1.75135e+07 1.39929e+07
1742866937.979186 -1.947 -15.396 -0.057 -0.36 -2.86 -82.32
980645236.1768700721 -1.996 -15.408 -0.062 1.93771e+07 1.86984e+07 1.63501e+07
1701998435.808333370 -2.338 -15.422 -0.067 1.83016e+07 1.75135e+07 1.39929e+07
1742866939.79197 -2.537 -15.466 -0.044 -0.8 -2.86 -83.2
1742866939.179192 -2.588 -15.482 -0.063 -0.61 -2.86 -83.55
1830161056.1751348321 -2.654 -15.492 -0.053 -0.75 -2.86 -83.96
1701998435.808333370 -3.004 -15.501 -0.059 1.83016e+07 1.75135e+07 1.39929e+07
1742866940.279179 -3.21 -15.533 -0.042 -0.56 -2.86 -83.64
1742866940.379188 -3.244 -15.541 -0.036 -0.38 -2.86 -83.94
1701998435.808333370 -3.304 -15.544 -0.047 1.83016e+07 1.75135e+07 1.39929e+07
980645236.1768700721 -3.616 -15.569 -0.028 1.93771e+07 1.86984e+07 1.63501e+07
1742866941.489221 -3.881 -15.584 -0.025 -0.13 -2.86 -84.87
1701998435.808333370 -3.942 -15.578 -0.048 1.83016e+07 1.75135e+07 1.39929e+07
980645236.1768700721 -4.244 -15.602 -0.033 1.93771e+07 1.86984e+07 1.63501e+07
1742866942.599188 -4.44 -15.64 -0.034 -0.04 -2.86 -86.28
1742866942.689135 -4.525 -15.632 -0.036 -0.1 -2.86 -86.3
1701998435.808333370 -4.601 -15.629 -0.042 1.83016e+07 1.75135e+07 1.39929e+07
1742866943.279170 -4.792 -15.655 -0.052 -0.31 -2.86 -84.78
1742866943.379193 -4.838 -15.669 -0.035 -0.43 -2.86 -84.93
1742866943.479180 -4.893 -15.662 -0.018 -0.52 -2.86 -85.12
1701998435.808333370 -4.95 -15.656 -0.053 1.83016e+07 1.75135e+07 1.39929e+07
1742866944.79187 -5.239 -15.697 -0.041 -0.06 -2.86 -84.69
1701998435.808333370 -5.331 -15.698 -0.046 1.83016e+07 1.75135e+07 1.39929e+07
1742866944.689204 -5.582 -15.73 -0.018 -0.25 -2.86 -83.81
1701998435.808333370 -5.632 -15.735 -0.03 1.83016e+07 1.75135e+07 1.39929e+07
1742866945.289183 -5.924 -15.784 -0.013 -0.41 -2.86 -82.81
1701998435.808333370 -5.993 -15.767 -0.035 1.83016e+07 1.75135e+07 1.39929e+07
1701998435.808333370 -6.294 -15.807 -0.029 1.83016e+07 1.75135e+07 1.39929e+07
1742866946.379184 -6.506 -15.829 -0.025 -0.32 -2.86 -81.89
1742866946.479180 -6.549 -15.836 -0.042 -0.09 -2.86 -81.65
1742866946.589179 -6.585 -15.852 -0.044 -0.12 -2.86 -81.63
1742866946.839196 -6.653 -15.871 -0.032 -0.35 -2.86 -81.94
1742866947.179188 -6.827 -15.893 -0.033 -0.32 -2.86 -83.53
1742866947.289188 -6.903 -15.897 -0.018 -0.27 -2.86 -83.76
1701998435.808333370 -6.983 -15.885 -0.043 1.83016e+07 1.75135e+07 1.39929e+07
1742866947.549193 -7.078 -15.895 -0.041 -0.41 -2.86 -83.33
1742866947.879190 -7.197 -15.942 -0.043 0.28 -2.86 -83.86
1742866947.989188 -7.211 -15.959 0 -0.27 -2.86 -84.64
1937705632.1869835877 -7.306 -15.94 -0.035 -0.22 -2.86 -85.45
1830161056.1751348321 -7.653 -15.937 -0.021 -0.23 -2.86 -84.95
1742866948.969175 -7.807 -15.975 -0.018 -0.4 -2.86 -83.69
1742866949.79189 -7.844 -15.983 -0.02 -0.06 -2.86 -83.82
1742866949.179205 -7.892 -16.001 -0.005 -0.38 -2.86 -84.06
1742866949.279188 -7.923 -16.006 -0.008 -0.29 -2.86 -84.73
1701998435.808333370 -7.962 -16.005 -0.011 1.83016e+07 1.75135e+07 1.39929e+07
1742866949.679162 -8.211 -15.968 -0.033 -0.48 -2.86 -85.38
1701998435.808333370 -8.293 -15.997 -0.035 1.83016e+07 1.75135e+07 1.39929e+07
1742866949.959138 -8.333 -15.993 -0.009 -0.67 -2.86 -83.38
1742866950.289180 -8.409 -16.002 -0.015 -1.21 -2.86 -83.28
1742866950.399178 -8.406 -16.04 -0.011 -1 -2.86 -83.84
1742866950.499197 -8.468 -16.051 0.022 -0.97 -2.86 -85.22
1742866950.599181 -8.586 -16.014 0.011 -0.7 -2.86 -86.15
1742866950.689192 -8.575 -16.045 0.017 -0.27 -2.86 -86.68
1701998435.808333370 -8.77 -16.012 -0.047 1.83016e+07 1.75135e+07 1.39929e+07
1742866951.289170 -9.039 -16.03 -0.028 -0.72 -2.84 -84.06
1742866951.399194 -9.015 -16.066 0.072 -0.38 -2.86 -84.18
1701998435.808333370 -9.179 -16.027 -0.057 1.83016e+07 1.75135e+07 1.39929e+07
1742866951.999176 -9.446 -16.075 -0.033 0.25 -2.86 -84.52
980645236.1768700721 -9.505 -16.091 0.014 1.93771e+07 1.86984e+07 1.63501e+07
1742866952.259198 -9.545 -16.097 -0.008 0.66 -2.86 -83.75
1742866952.589198 -9.738 -16.117 -0.008 0.36 -2.86 -83.5
1742866952.679180 -9.77 -16.126 0.004 0.68 -2.86 -83.62
1701998435.808333370 -9.814 -16.138 0.008 1.83016e+07 1.75135e+07 1.39929e+07
1701998435.808333370 -10.117 -16.14 0.005 1.83016e+07 1.75135e+07 1.39929e+07
1742866953.679191 -10.23 -16.18 0.042 -0.05 -2.86 -81.55
1742866953.789205 -10.282 -16.184 -0.017 0.17 -2.86 -81.55
1742866953.889173 -10.325 -16.208 0.014 0.06 -2.86 -82.03
1742866953.979194 -10.377 -16.203 0.025 -0.19 -2.86 -82.31
980645236.1768700721 -10.437 -16.206 0.017 1.93771e+07 1.86984e+07 1.63501e+07
1742866954.309180 -10.584 -16.203 -0.005 0.03 -2.86 -81.89
1742866954.589187 -10.659 -16.232 0.008 0.08 -2.86 -80.52
1742866954.679158 -10.704 -16.234 0.012 -0.31 -2.86 -80.52
1701998435.808333370 -10.757 -16.234 0.008 1.83016e+07 1.75135e+07 1.39929e+07
1742866955.179153 -10.902 -16.272 0.016 -0.3 -2.86 -81.17
1742866955.279144 -10.999 -16.263 -0.004 -0.36 -2.86 -81.22
1742866955.379192 -11.046 -16.281 0.02 -0.22 -2.86 -81.12
1701998435.808333370 -11.109 -16.277 0.025 1.83016e+07 1.75135e+07 1.39929e+07
1742866955.979191 -11.265 -16.355 0.027 -0.32 -2.86 -80.74
1742866956.89178 -11.302 -16.363 0.036 -0.36 -2.86 -81.69
1742866956.179179 -11.332 -16.361 0.026 -0.24 -2.86 -82.72
1701998435.808333370 -11.403 -16.361 0.035 1.83016e+07 1.75135e+07 1.39929e+07
1701998435.808333370 -11.739 -16.353 0.019 1.83016e+07 1.75135e+07 1.39929e+07
1742866957.269156 -11.993 -16.399 0.034 -0.23 -2.86 -83.61
1701998435.808333370 -12.059 -16.406 0.026 1.83016e+07 1.75135e+07 1.39929e+07
980645236.1768700721 -12.396 -16.437 0.022 1.93771e+07 1.86984e+07 1.63501e+07
1742866958.479188 -12.625 -16.45 0.04 -0.29 -2.86 -81.94
1742866958.579190 -12.67 -16.475 0.03 -0.01 -2.86 -81.81
1701998435.808333370 -12.731 -16.485 0.043 1.83016e+07 1.75135e+07 1.39929e+07
1742866959.89174 -12.929 -16.508 0.055 -0.34 -2.86 -80.41
1742866959.289178 -12.985 -16.526 0.023 -0.33 -2.86 -79.92
1701998435.808333370 -13.039 -16.541 0.037 1.83016e+07 1.75135e+07 1.39929e+07
1742866959.869190 -13.263 -16.579 0.04 -0.27 -2.86 -80.25
1742866959.979153 -13.312 -16.582 0.038 -0.14 -2.86 -80.44
980645236.1768700721 -13.351 -16.573 0.056 1.93771e+07 1.86984e+07 1.63501e+07
1742866960.569199 -13.561 -16.626 0.069 -0.34 -2.86 -80.82
1742866960.679198 -13.616 -16.628 0.061 -0.37 -2.86 -81.08
1701998435.808333370 -13.659 -16.64 0.044 1.83016e+07 1.75135e+07 1.39929e+07
1701998435.808333370 -13.972 -16.656 0.038 1.83016e+07 1.75135e+07 1.39929e+07
1742866961.779221 -14.168 -16.718 0.069 -0.38 -2.86 -82.43
1742866961.879199 -14.223 -16.714 0.06 -0.29 -2.86 -82.97
980645236.1768700721 -14.292 -16.711 0.084 1.93771e+07 1.86984e+07 1.63501e+07
1701998435.825110586 -14.597 -16.726 0.065 1.83016e+07 1.75135e+07 1.39929e+07
1742866962.879147 -14.828 -16.772 0.069 -0.42 -2.86 -81.2
1742866962.979185 -14.882 -16.786 0.074 -0.51 -2.86 -81.58
980645236.1768700721 -14.933 -16.793 0.1 1.93771e+07 1.86984e+07 1.63501e+07
1701998435.808333370 -15.255 -16.798 0.069 1.83016e+07 1.75135e+07 1.39929e+07
1742866963.969189 -15.546 -16.849 0.071 -0.19 -2.86 -79.99
1937705632.1869835877 -15.598 -16.866 0.079 -0.37 -2.86 -79.93
1830161056.1751348321 -15.897 -16.902 0.082 -0.04 -2.86 -79.12
1742866965.69170 -16.157 -16.983 0.08 -0.18 -2.86 -78.17
1742866965.169171 -16.179 -17 0.057 0.02 -2.86 -78.51
1701998435.808333370 -16.241 -17 0.1 1.83016e+07 1.75135e+07 1.39929e+07
1742866965.789198 -16.525 -17.039 0.065 0.16 -2.86 -78.67
1701998435.808333370 -16.575 -17.034 0.1 1.83016e+07 1.75135e+07 1.39929e+07
1742866966.379179 -16.744 -17.127 0.084 -0.32 -2.86 -82.23
1742866966.489211 -16.832 -17.128 0.093 -0.12 -2.86 -83.17
1701998435.808333370 -16.876 -17.129 0.097 1.83016e+07 1.75135e+07 1.39929e+07
1742866967.79189 -17.174 -17.108 0.083 0.32 -2.86 -84.2
1742866967.201139 -17.209 -17.134 0.094 0.11 -2.86 -84.21
1742866967.679179 -17.472 -17.124 0.083 0.35 -2.86 -86.04
1701998435.825110586 -17.551 -17.139 0.09 1.83016e+07 1.75135e+07 1.39929e+07
1701998435.825110586 -17.893 -17.073 0.088 1.83016e+07 1.75135e+07 1.39929e+07
1742866968.749180 -17.98 -17.185 0.093 0.17 -2.82 -86.45
1742866968.829191 -18.108 -17.145 0.085 -0.1 -2.85 -86.67
980645236.1768700721 -18.215 -17.155 0.1 1.93771e+07 1.86984e+07 1.63501e+07
1742866969.509197 -18.459 -17.19 0.088 0.33 -2.86 -84.99
1742866969.589180 -18.504 -17.172 0.1 0.18 -2.8 -85.21
1701998435.825110586 -18.591 -17.169 0.054 1.83016e+07 1.75135e+07 1.39929e+07
1742866970.189188 -18.855 -17.183 0.072 -0.05 -2.69 -85.94
1742866970.301123 -18.924 -17.203 0.065 0.11 -2.81 -85.91
1742866970.779180 -19.21 -17.204 0.081 0.16 -2.86 -85.17
1701998435.808333370 -19.285 -17.208 0.086 1.83016e+07 1.75135e+07 1.39929e+07
1742866971.379176 -19.583 -17.196 0.085 0.28 -2.86 -83.39
1701998435.808333370 -19.605 -17.228 0.084 1.83016e+07 1.75135e+07 1.39929e+07
1742866971.979183 -19.867 -17.273 0.085 0.16 -2.51 -82.01
1742866972.101146 -19.909 -17.303 0.086 -0.27 -2.72 -82.14
1701998435.808333370 -20.226 -17.309 0.087 1.83016e+07 1.75135e+07 1.39929e+07
1742866973.89179 -20.515 -17.361 0.073 -0.24 -2.57 -81.52
1742866973.389193 -20.59 -17.397 0.1 -0.13 -2.44 -82.45
1742866973.889135 -20.946 -17.362 0.091 0.13 -2.74 -82.86
1742866974.189192 -21.156 -17.413 0.097 0.24 -2.71 -81.2
1701998435.808333370 -21.199 -17.445 0.1 1.83016e+07 1.75135e+07 1.39929e+07
1701998435.825110586 -21.515 -17.459 0.065 1.83016e+07 1.75135e+07 1.39929e+07
1742866975.289168 -21.783 -17.467 0.094 0.17 -2.65 -81.9
1701998435.825110586 -21.818 -17.474 0.068 1.83016e+07 1.75135e+07 1.39929e+07
1742866975.889151 -22.094 -17.528 0.097 0.21 -2.62 -82.75
1742866976.189188 -22.241 -17.521 0.073 0.01 -2.4 -82.82
1742866976.499198 -22.447 -17.576 0.088 0.18 -2.74 -81.98
1742866976.809170 -22.588 -17.573 0.084 0.3 -2.59 -82.31
1742866977.79229 -22.776 -17.555 0.086 0.16 -2.86 -82.19
1701998435.808333370 -22.826 -17.632 0.099 1.83016e+07 1.75135e+07 1.39929e+07
1742866977.689186 -23.092 -17.64 0.066 0 -2.47 -81.47
1701998435.808333370 -23.15 -17.667 0.073 1.83016e+07 1.75135e+07 1.39929e+07
1742866978.79188 -23.228 -17.682 0.068 0.3 -2.62 -82.53
1742866978.289169 -23.416 -17.64 0.071 0.44 -2.86 -82.6
1742866978.399178 -23.432 -17.687 0.1 0.35 -2.73 -82.38
1742866978.709178 -23.542 -17.679 0.068 0.28 -2.55 -82.13
1742866978.989221 -23.679 -17.716 0.091 0.52 -2.81 -82.3
1742866979.89176 -23.69 -17.722 0.088 0.33 -2.53 -82.48
1742866979.189177 -23.715 -17.723 0.075 0.24 -2.56 -82.56
1742866979.289174 -23.741 -17.717 0.082 0.5 -2.75 -82.66
1742866979.389228 -23.736 -17.713 0.089 0.5 -2.65 -82.69
1742866979.479173 -23.733 -17.704 0.086 0.3 -2.69 -82.72
1742866979.589192 -23.738 -17.718 0.068 0.17 -2.54 -82.62
1742866979.689186 -23.743 -17.713 0.091 0.36 -2.73 -82.67
1742866979.809182 -23.737 -17.712 0.068 0.18 -2.49 -82.55
1742866979.889173 -23.729 -17.717 0.082 0.26 -2.61 -82.59
1742866979.979134 -23.73 -17.716 0.073 0.18 -2.56 -82.66
1742866980.89203 -23.731 -17.711 0.085 0.27 -2.59 -82.67
1742866980.189179 -23.734 -17.706 0.073 0.21 -2.54 -82.67
1742866980.289186 -23.74 -17.716 0.082 0.28 -2.54 -82.61
1742866980.379176 -23.733 -17.713 0.077 0.28 -2.64 -82.67
1742866980.489176 -23.743 -17.708 0.076 0.36 -2.56 -82.64
1742866980.589216 -23.729 -17.716 0.086 0.34 -2.52 -82.66
1742866980.689180 -23.743 -17.702 0.077 0.39 -2.56 -82.72
1742866980.779179 -23.737 -17.714 0.078 0.42 -2.54 -82.68
1742866980.889190 -23.745 -17.714 0.079 0.33 -2.59 -82.67
1742866980.989181 -23.738 -17.709 0.082 0.38 -2.58 -82.69
1742866981.79180 -23.736 -17.712 0.083 0.32 -2.59 -82.69
1742866981.189176 -23.745 -17.711 0.076 0.41 -2.55 -82.71
1742866981.289179 -23.735 -17.712 0.088 0.38 -2.57 -82.7
1742866981.389187 -23.745 -17.708 0.078 0.42 -2.6 -82.72
1742866981.489190 -23.739 -17.709 0.076 0.42 -2.54 -82.7
1742866981.589175 -23.744 -17.708 0.082 0.4 -2.63 -82.73
1742866981.689199 -23.741 -17.716 0.072 0.38 -2.56 -82.7
1742866981.789192 -23.745 -17.712 0.086 0.38 -2.56 -82.71
1742866981.889179 -23.739 -17.713 0.078 0.38 -2.58 -82.71
1742866981.989178 -23.742 -17.712 0.078 0.43 -2.5 -82.71
1742866982.89177 -23.743 -17.711 0.078 0.39 -2.57 -82.71
1742866982.189160 -23.739 -17.719 0.075 0.42 -2.52 -82.7
1742866982.289196 -23.742 -17.712 0.081 0.38 -2.58 -82.71
1742866982.389176 -23.738 -17.715 0.076 0.41 -2.54 -82.7
1742866982.499203 -23.744 -17.715 0.078 0.38 -2.55 -82.7
1742866982.589175 -23.737 -17.716 0.082 0.36 -2.54 -82.71
1742866982.699214 -23.743 -17.713 0.075 0.41 -2.55 -82.71
1742866982.789193 -23.74 -17.718 0.081 0.35 -2.55 -82.7
1742866982.889189 -23.74 -17.716 0.079 0.33 -2.51 -82.68
1742866982.989191 -23.741 -17.714 0.077 0.38 -2.55 -82.69
1742866983.89199 -23.743 -17.718 0.083 0.4 -2.62 -82.73
1742866983.189175 -23.741 -17.71 0.074 0.38 -2.52 -82.7
