1742867675.853480 -10.619 -15.731 -0.149 -3.65 -1.93 -146.95
1742867675.953452 -10.655 -15.654 -0.16 -4.12 -2.17 -145.88
1742867676.53463 -10.623 -15.662 -0.158 -3.99 -1.97 -145.89
1742867676.153492 -10.654 -15.684 -0.145 -3.73 -2.05 -146.31
1742867676.253427 -10.655 -15.693 -0.139 -3.52 -1.97 -146.62
1742867676.363472 -10.696 -15.756 -0.13 -3.28 -2.02 -147.95
1742867676.453465 -10.653 -15.746 -0.124 -3.22 -1.95 -147.48
1742867676.553437 -10.652 -15.747 -0.115 -3.04 -1.76 -147.54
1742867676.653465 -10.657 -15.742 -0.117 -2.78 -1.66 -147.69
1742867676.753471 -10.689 -15.764 -0.133 -3.38 -1.88 -147.82
1742867676.853462 -10.668 -15.742 -0.145 -3.63 -1.93 -147.69
1742867676.953472 -10.687 -15.747 -0.145 -3.59 -1.94 -147.83
1742867677.53455 -10.666 -15.75 -0.145 -3.64 -1.95 -147.67
1742867677.153454 -10.698 -15.738 -0.14 -3.63 -1.91 -148.24
1742867677.253470 -10.724 -15.734 -0.134 -3.55 -1.73 -148.54
1742867677.363467 -10.763 -15.727 -0.141 -3.73 -2.02 -149.13
1742867677.463466 -10.763 -15.704 -0.163 -4.35 -1.85 -149.11
1742867677.553477 -10.79 -15.71 -0.161 -4.5 -1.99 -149.85
1742867677.653450 -10.797 -15.706 -0.173 -5.03 -1.68 -150.48
1742867677.753466 -10.811 -15.776 -0.164 -4.94 -1.4 -151.84
1742867677.853508 -10.78 -15.773 -0.15 -4.44 -1.92 -150.98
1742867677.953458 -10.806 -15.778 -0.158 -4.81 -1.76 -151.52
1742867678.53459 -10.82 -15.775 -0.157 -4.78 -1.57 -151.43
1742867678.153488 -10.818 -15.781 -0.169 -4.87 -1.88 -151.72
1742867678.253458 -10.789 -15.749 -0.16 -4.75 -2.21 -150.86
1742867678.353523 -10.789 -15.733 -0.169 -4.73 -1.93 -150.96
1742867678.453510 -10.776 -15.716 -0.165 -4.7 -2.01 -150.08
1742867678.553481 -10.766 -15.727 -0.162 -4.64 -1.98 -150.19
1742867678.653475 -10.752 -15.722 -0.157 -4.43 -1.91 -149.97
1742867678.753453 -10.78 -15.703 -0.167 -4.71 -1.88 -150.47
1742867678.853470 -10.766 -15.698 -0.156 -4.42 -2.18 -149.03
1742867678.953525 -10.745 -15.701 -0.155 -4.25 -1.96 -148.68
1742867679.53462 -10.748 -15.776 -0.156 -4.03 -1.85 -148.92
1742867679.153499 -10.733 -15.757 -0.145 -3.79 -1.84 -148.65
1742867679.253460 -10.73 -15.764 -0.145 -3.81 -1.94 -148.6
1742867679.353455 -10.72 -15.763 -0.138 -3.63 -1.97 -148.27
1742867679.453453 -10.683 -15.752 -0.133 -3.32 -1.88 -147.74
1742867679.553457 -10.684 -15.735 -0.127 -3.11 -2 -147.76
1742867679.653517 -10.671 -15.755 -0.134 -3.26 -1.81 -147.47
1742867679.753460 -10.669 -15.736 -0.139 -3.6 -1.87 -147.78
1742867679.853442 -10.686 -15.747 -0.146 -3.72 -1.99 -147.79
1742867679.963488 -10.68 -15.719 -0.148 -4.05 -2.1 -147.83
1742867680.63444 -10.676 -15.733 -0.149 -3.91 -2.03 -147.53
1742867680.163492 -10.687 -15.743 -0.142 -3.68 -2.14 -147.67
1742867680.253511 -10.672 -15.76 -0.144 -3.45 -1.9 -147.59
1742867680.353454 -10.669 -15.745 -0.147 -3.69 -1.95 -147.56
1742867680.453459 -10.689 -15.739 -0.151 -4.14 -2 -147.84
1742867680.553460 -10.709 -15.739 -0.158 -4.16 -2.17 -148.08
1742867680.653453 -10.721 -15.741 -0.151 -4.13 -1.99 -147.89
1742867680.753468 -10.712 -15.765 -0.155 -3.88 -1.98 -148.05
1742867680.853461 -10.719 -15.742 -0.146 -4.06 -2.25 -147.85
1742867680.953459 -10.68 -15.743 -0.145 -3.63 -2.15 -147.52
1742867681.53456 -10.693 -15.746 -0.149 -3.79 -2.08 -147.85
1742867681.153455 -10.661 -15.723 -0.153 -4.16 -2.04 -147.5
1742867681.253492 -10.661 -15.714 -0.149 -4.12 -2.04 -147.39
1742867681.353471 -10.654 -15.729 -0.15 -4.15 -2.11 -147.18
1742867681.553475 -10.657 -15.675 -0.163 -4.48 -2.26 -146.83
1742867681.653455 -10.643 -15.649 -0.166 -4.33 -2 -146.4
1742867681.753460 -10.634 -15.681 -0.159 -4.17 -1.87 -146.38
1742867681.853437 -10.666 -15.655 -0.146 -3.72 -2 -146.5
1742867682.663460 -10.644 -15.67 -0.161 -4.36 -2.15 -147.06
1742867682.763459 -10.653 -15.663 -0.168 -4.73 -1.96 -147.1
1742867683.163452 -10.646 -15.738 -0.146 -3.82 -1.5 -147.74
1742867683.353459 -10.623 -15.732 -0.149 -3.5 -1.47 -147.45
1742867683.453460 -10.634 -15.73 -0.153 -3.72 -1.91 -147.21
1742867683.553411 -10.674 -15.724 -0.157 -4.37 -2.02 -147.98
1742867683.653470 -10.637 -15.738 -0.156 -4.05 -1.84 -147.61
1742867683.753443 -10.604 -15.736 -0.158 -4.11 -1.98 -147.14
1742867683.853487 -10.646 -15.748 -0.154 -3.78 -1.82 -147.45
1742867683.953479 -10.647 -15.75 -0.146 -3.79 -1.88 -147.51
1742867684.53473 -10.647 -15.747 -0.149 -3.48 -1.75 -147.8
1742867684.163469 -10.622 -15.761 -0.136 -3.09 -1.67 -147.98
1742867684.263442 -10.613 -15.757 -0.132 -3.1 -1.58 -147.7
1742867684.453455 -10.604 -15.777 -0.119 -2.67 -1.82 -146.99
1742867684.553460 -10.574 -15.771 -0.111 -2.49 -1.64 -146.94
1742867684.653409 -10.598 -15.748 -0.124 -2.78 -1.55 -147.38
1742867684.753472 -10.64 -15.728 -0.144 -3.42 -1.27 -149.01
1742867684.853505 -10.616 -15.77 -0.127 -2.39 -0.75 -148.55
1742867684.953456 -10.634 -15.736 -0.139 -3 -1.14 -148.15
1742867685.53445 -10.633 -15.751 -0.15 -3.05 -0.93 -148.15
1742867685.153475 -10.636 -15.755 -0.131 -2.75 -0.85 -148.47
1742867685.253474 -10.614 -15.751 -0.133 -2.82 -0.81 -148.05
1742867685.353482 -10.622 -15.76 -0.142 -2.89 -0.89 -147.95
1742867685.453448 -10.615 -15.744 -0.134 -2.89 -1.06 -147.79
1742867685.553458 -10.623 -15.758 -0.133 -2.92 -1.45 -147.87
1742867685.653445 -10.614 -15.746 -0.142 -3.15 -1.44 -147.73
1742867685.753474 -10.587 -15.752 -0.114 -2.24 -1.08 -147.37
1742867686.53454 -10.62 -15.73 -0.133 -3.15 -1.33 -147.5
1742867686.153468 -10.632 -15.752 -0.142 -3.26 -1.45 -147.57
1742867686.353470 -10.686 -15.746 -0.137 -3.4 -1.4 -147.84
1742867686.453456 -10.676 -15.735 -0.141 -3.41 -1.35 -147.76
1742867686.553455 -10.68 -15.738 -0.136 -3.3 -1.53 -147.68
1742867686.653458 -10.666 -15.751 -0.141 -3.2 -1.53 -147.63
1742867686.753460 -10.678 -15.749 -0.136 -3.06 -1.35 -147.88
1742867686.853454 -10.673 -15.733 -0.136 -3.23 -1.42 -147.56
1742867686.953459 -10.67 -15.703 -0.136 -3.01 -1.25 -147.61
1742867687.53475 -10.661 -15.712 -0.139 -2.95 -1.38 -146.71
1742867687.153411 -10.664 -15.658 -0.149 -3.78 -1.39 -146.24
1742867687.253452 -10.671 -15.687 -0.152 -3.72 -1.44 -146.53
1742867687.353456 -10.67 -15.681 -0.156 -4 -1.13 -146.44
1742867687.453458 -10.653 -15.648 -0.147 -3.84 -1.52 -145.85
1742867687.553473 -10.653 -15.681 -0.152 -3.73 -1.46 -145.87
1742867687.653458 -10.527 -15.646 -0.134 -3.23 -1.27 -143.88
1742867687.753455 -10.807 -15.318 -0.124 -2.31 -1.04 -150.46
1742867687.853440 -10.964 -15.226 -0.137 -3.02 -0.7 -151.08
1742867687.983449 -10.792 -15.239 -0.091 -1.98 -0.6 -150.29
1742867688.153453 -10.774 -15.52 -0.097 -2.16 -0.97 -151.2
1742867688.253457 -10.757 -15.504 -0.104 -2.28 -0.98 -150.97
1742867688.353460 -10.75 -15.52 -0.102 -2.41 -1 -150.93
1742867688.453450 -10.769 -15.537 -0.116 -2.46 -1.26 -150.26
1742867688.553458 -10.745 -15.572 -0.116 -2.18 -1.49 -149.5
1742867688.653462 -10.752 -15.581 -0.117 -2.23 -1.52 -149.2
1742867688.763476 -10.636 -15.433 -0.108 -2.04 -1.48 -149.03
1742867688.853428 -10.741 -15.429 -0.134 -2.66 -1.73 -150.7
1742867688.953456 -10.724 -15.418 -0.144 -3.35 -1.66 -151.27
1742867689.53476 -10.718 -15.505 -0.139 -2.88 -1.66 -151.87
1742867689.163455 -10.725 -15.513 -0.16 -4.22 -2.06 -152.89
1742867689.253487 -10.742 -15.544 -0.178 -4.62 -1.76 -153.39
1742867689.353458 -10.75 -15.591 -0.171 -4.36 -1.84 -153.48
1742867689.453457 -10.784 -15.645 -0.174 -4.95 -1.32 -154.18
1742867689.553455 -10.863 -15.765 -0.159 -4.58 -1.23 -154.74
1742867689.653430 -10.946 -15.835 -0.155 -4.57 -1.33 -155.71
1742867689.753473 -10.947 -16.408 -0.067 -2.12 -0.63 -172.49
1742867689.853501 -10.91 -16.56 -0.049 -0.09 -0.97 177.58
1742867689.953457 -10.905 -16.63 -0.035 1.24 -1.27 176.61
1742867690.53454 -10.901 -16.582 -0.068 0.7 -2.43 177.77
1742867690.153459 -10.901 -16.585 -0.103 0.65 -3.32 177.71
1742867690.263443 -10.899 -16.646 -0.041 1.55 -1.93 176.13
1742867690.353454 -10.925 -16.619 -0.049 1.15 -2 176.7
1742867690.453454 -10.874 -16.552 -0.056 -0.25 -0.97 177.81
1742867690.563458 -10.896 -16.592 -0.042 0.59 -0.96 176.37
1742867690.653458 -10.922 -16.636 -0.028 1.3 -1.13 176.44
1742867690.763451 -10.861 -16.624 -0.035 1.17 -1.39 176.69
1742867690.853466 -10.852 -16.632 -0.031 1.13 -1.1 176.67
1742867690.953463 -10.887 -16.625 -0.028 1.11 -1.15 176.23
1742867691.53477 -10.879 -16.618 -0.029 1.03 -1 176.57
1742867691.153454 -10.826 -16.659 -0.03 1.36 -1.04 176.81
1742867691.253465 -10.889 -16.633 -0.026 1.34 -1.13 176.65
1742867691.353487 -10.877 -16.645 -0.024 1.19 -0.78 176.54
1742867691.453455 -10.882 -16.634 -0.03 0.85 -0.87 176.43
1742867691.563495 -10.905 -16.636 -0.028 1.51 -1.41 176.22
1742867691.653451 -10.908 -16.629 -0.04 1.27 -1.43 176.39
1742867691.763453 -10.887 -16.62 -0.049 1.22 -2.03 176.8
1742867691.853456 -10.871 -16.581 -0.04 0.82 -1.22 176.86
1742867691.953426 -10.915 -16.539 -0.062 0.11 -1.72 177.51
1742867692.53436 -10.913 -16.547 -0.06 -0.15 -1.12 177.39
1742867692.153459 -10.891 -16.542 -0.057 0.01 -1.48 177.54
1742867692.253488 -10.886 -16.53 -0.058 -0.3 -1.14 177.45
1742867692.353452 -10.907 -16.578 -0.047 0.24 -1.2 177.39
1742867692.453433 -10.888 -16.577 -0.053 0.25 -1.29 177.76
1742867692.553470 -10.938 -16.603 -0.052 0.16 -1.3 176.89
1742867692.653447 -11.037 -16.656 -0.039 0.39 -1.04 174.28
1742867692.753469 -11.057 -16.653 -0.039 0.36 -0.91 173.58
1742867692.853462 -11.07 -16.658 -0.042 0.44 -1.23 173.33
1742867692.953462 -11.086 -16.686 -0.039 0.93 -1.34 173.39
1742867693.53460 -11.097 -16.722 -0.03 1.26 -1.36 173.54
1742867693.153502 -11.072 -16.737 -0.024 1.35 -1.2 173.89
1742867693.263467 -11.059 -16.771 -0.022 1.86 -1.5 174.29
1742867693.353462 -10.849 -16.561 -0.042 0.8 -1.44 178.96
1742867693.463460 -10.842 -16.489 -0.058 0.08 -1.35 179.16
1742867693.553468 -10.892 -16.567 -0.043 1.02 -1.66 177.78
1742867693.653456 -10.893 -16.574 -0.058 1.23 -2.16 177.8
1742867693.753473 -10.904 -16.555 -0.065 0.62 -2.34 177.59
1742867693.853467 -10.905 -16.574 -0.068 0.97 -2.6 177.66
1742867693.953456 -10.901 -16.557 -0.062 0.94 -2.32 177.87
1742867694.63468 -10.904 -16.566 -0.052 0.97 -1.85 177.68
1742867694.153426 -10.907 -16.568 -0.047 1.28 -2.15 177.76
1742867694.253452 -10.911 -16.564 -0.038 1.22 -1.46 177.79
1742867694.353472 -10.906 -16.54 -0.038 1.24 -1.67 177.77
1742867694.453448 -10.937 -16.492 -0.045 0.92 -1.34 176.92
1742867694.553458 -10.945 -16.465 -0.044 0.84 -1.15 176.58
1742867694.653467 -10.944 -16.466 -0.045 0.46 -0.93 176.62
1742867694.753499 -10.924 -16.497 -0.049 0.8 -1.4 176.93
1742867694.863464 -10.956 -16.468 -0.046 0.98 -1.25 176.38
1742867694.953461 -10.988 -16.471 -0.044 0.76 -1.33 175.77
1742867695.63473 -11.016 -16.447 -0.052 0.81 -1.59 175.66
1742867695.153501 -11.038 -16.402 -0.059 0.83 -1.57 175.34
1742867695.253455 -11.067 -16.379 -0.048 1.19 -1.63 174.22
1742867695.353489 -11.147 -16.304 -0.045 1.25 -1.22 172.5
1742867695.453461 -11.151 -16.287 -0.04 1.25 -1.11 172.19
1742867695.553459 -11.145 -16.313 -0.054 1.27 -1.45 172.26
1742867695.653443 -11.152 -16.288 -0.071 0.9 -1.99 172.22
1742867695.753459 -11.148 -16.284 -0.046 0.92 -1.07 172.25
1742867695.853474 -11.161 -16.289 -0.05 0.86 -1.15 172.02
1742867695.963455 -11.111 -16.37 -0.045 1 -1.28 173.08
1742867696.63458 -11.108 -16.358 -0.056 1.12 -1.43 173.44
1742867696.153448 -11.049 -16.433 -0.048 1.04 -1.21 174.81
1742867696.253455 -11.008 -16.463 -0.043 1.2 -1.34 175.49
1742867696.363466 -11.011 -16.469 -0.056 1.13 -1.96 175.7
1742867696.453471 -11.018 -16.474 -0.059 1.4 -2.25 175.77
1742867696.563476 -10.98 -16.493 -0.081 1.26 -2.57 176.15
1742867696.653457 -11.001 -16.454 -0.042 0.9 -1.01 175.72
1742867696.753478 -10.977 -16.481 -0.045 1 -1.3 176.31
1742867696.853470 -10.94 -16.533 -0.059 0.94 -1.67 176.98
1742867696.953457 -10.901 -16.535 -0.05 1.05 -1.7 178.05
1742867697.53457 -10.943 -16.512 -0.052 1.08 -1.75 177.09
1742867697.153479 -10.952 -16.491 -0.044 1.2 -1.34 176.83
1742867697.253487 -11.027 -16.455 -0.045 1.14 -1.55 175.47
1742867697.353461 -11.007 -16.471 -0.045 1.22 -1.31 175.44
1742867697.453461 -10.953 -16.474 -0.044 0.92 -1.21 176.3
1742867697.553485 -10.962 -16.501 -0.053 1.16 -1.6 176.41
1742867697.653463 -10.972 -16.464 -0.052 0.99 -1.74 176.54
1742867697.753454 -10.934 -16.52 -0.053 1.33 -1.91 177.27
1742867697.853483 -10.934 -16.483 -0.062 0.88 -1.92 177.46
1742867697.953466 -10.944 -16.501 -0.045 0.78 -1.42 177.39
1742867698.53454 -10.943 -16.483 -0.045 0.73 -1.42 177.37
1742867698.153450 -10.975 -16.491 -0.042 0.94 -1.37 176.77
1742867698.253496 -10.979 -16.475 -0.042 0.94 -1.16 176.64
1742867698.363462 -10.999 -16.458 -0.046 0.68 -1.4 176.18
1742867698.453451 -10.997 -16.473 -0.046 1.06 -1.58 176.09
1742867698.553465 -11.009 -16.479 -0.076 1.12 -2.3 176.03
1742867698.663513 -11.065 -16.428 -0.038 1.21 -1.17 174.73
1742867698.763454 -11.032 -16.463 -0.049 1.43 -1.68 175.43
1742867698.853438 -10.995 -16.483 -0.072 1.18 -2.35 176.07
1742867698.953476 -11.065 -16.399 -0.077 1.33 -2.27 174.16
1742867699.53452 -11.122 -16.367 -0.069 1.12 -2.12 172.86
1742867699.163461 -11.036 -16.45 -0.091 0.88 -2.97 174.78
1742867699.253470 -11.026 -16.484 -0.094 0.94 -2.91 175.1
1742867699.363456 -11.003 -16.499 -0.094 0.78 -2.97 175.29
1742867699.453424 -11.007 -16.481 -0.093 0.88 -2.81 175.19
1742867699.553492 -11.007 -16.481 -0.086 0.98 -2.76 175.14
1742867699.663454 -11.045 -16.497 -0.082 0.88 -2.7 174.67
1742867699.753449 -11.001 -16.512 -0.084 0.83 -2.68 175.1
1742867699.863446 -10.994 -16.533 -0.084 0.91 -2.81 175.12
1742867699.953506 -10.997 -16.558 -0.059 1.49 -2.63 174.96
1742867700.63485 -10.968 -16.516 -0.052 1.09 -1.72 175.44
1742867700.153501 -10.955 -16.526 -0.063 1.07 -2.11 175.65
1742867700.253469 -10.966 -16.522 -0.064 1.06 -2.31 175.67
1742867700.353453 -10.964 -16.51 -0.056 1.25 -1.88 175.56
1742867700.453490 -11.014 -16.471 -0.043 1.1 -1.36 174.74
1742867700.553456 -11.08 -16.429 -0.051 1.45 -1.67 173.49
1742867700.653463 -11.039 -16.43 -0.047 1.12 -1.36 174.72
1742867700.763459 -11.009 -16.46 -0.049 1.33 -1.55 175.46
1742867700.853506 -11.002 -16.483 -0.047 1.19 -1.46 175.54
1742867700.953510 -10.929 -16.518 -0.047 0.78 -1.44 176.89
1742867701.53463 -10.936 -16.508 -0.043 1.15 -1.49 177.03
1742867701.153455 -10.93 -16.491 -0.043 0.89 -1.29 177.1
1742867701.263482 -10.924 -16.511 -0.048 0.98 -0.97 177
1742867701.353416 -10.913 -16.512 -0.044 1.03 -1.56 177.35
1742867701.463464 -10.92 -16.497 -0.048 0.78 -1.49 177.39
1742867701.553454 -10.922 -16.514 -0.047 0.8 -1.55 177.64
1742867701.653444 -10.902 -16.559 -0.035 0.97 -1.31 178.18
1742867701.753459 -10.899 -16.557 -0.036 1.21 -1.37 178.22
1742867701.863452 -10.896 -16.56 -0.046 1.19 -1.69 178.34
1742867701.953502 -10.907 -16.551 -0.035 1.05 -1.2 178.23
1742867702.53470 -10.907 -16.534 -0.041 0.97 -1.44 178.08
1742867702.153459 -10.899 -16.536 -0.041 1 -1.54 178.33
1742867702.263449 -10.906 -16.556 -0.039 1.14 -1.36 177.79
1742867702.353484 -10.895 -16.57 -0.045 1.1 -1.75 177.45
1742867702.453453 -10.893 -16.564 -0.057 1 -2.3 177.75
1742867702.563474 -10.893 -16.581 -0.062 1.04 -2.41 177.21
1742867702.663468 -10.895 -16.581 -0.059 1.06 -2.36 177.54
1742867702.753507 -10.884 -16.574 -0.059 1 -2.3 177.68
1742867702.863456 -10.892 -16.567 -0.062 1.14 -2.33 177.61
1742867702.963509 -10.893 -16.557 -0.07 0.73 -2.26 177.81
1742867703.63485 -10.884 -16.574 -0.063 0.76 -2.31 178.01
1742867703.163421 -10.881 -16.56 -0.067 0.75 -2.39 178.07
1742867703.253517 -10.899 -16.55 -0.08 0.7 -2.79 177.88
1742867709.163465 -10.869 -16.586 -0.093 0.1 -3.24 178.11
1742867709.283456 -10.806 -16.654 -0.079 1.01 -2.8 178.78
1742867767.453459 -10.851 -16.573 -0.048 0.38 -1.14 178
1742867767.553487 -10.879 -16.578 -0.039 0.38 -0.96 177.82
1742867767.653459 -10.892 -16.571 -0.038 0.34 -0.96 177.57
1742867767.843457 -10.887 -16.562 -0.041 0.11 -1.2 177.78
1742867767.953472 -10.89 -16.569 -0.04 0.38 -0.96 177.5
1742867768.153467 -10.858 -16.57 -0.038 0.28 -0.89 177.94
1742867768.253471 -10.855 -16.586 -0.036 0.26 -0.97 178.04
1742867768.363466 -10.86 -16.577 -0.044 0.22 -1 177.89
1742867768.453477 -10.856 -16.571 -0.042 0.26 -1.02 178.26
1742867768.553436 -10.896 -16.575 -0.044 0.14 -0.89 177.7
1742867769.43447 -10.811 -16.634 -0.02 1.51 -0.98 178.18
1742867769.143447 -10.81 -16.624 -0.025 1.33 -1.11 178.28
1742867769.343448 -10.847 -16.612 -0.031 1.33 -1.24 178.33
1742867769.643457 -10.89 -16.601 -0.025 1.37 -1.02 177.75
1742867769.753455 -10.894 -16.585 -0.033 0.96 -1.13 177.64
1742867769.853473 -10.887 -16.613 -0.028 1.51 -1.21 177.72
1742867769.943442 -10.887 -16.574 -0.031 1.1 -1.29 177.78
1742867770.53469 -10.874 -16.587 -0.025 1.34 -1.07 178.02
1742867770.153452 -10.874 -16.592 -0.027 1.2 -1.14 177.75
1742867770.243453 -10.874 -16.57 -0.031 0.74 -1.11 177.86
1742867770.363408 -10.895 -16.577 -0.028 1.17 -1.1 177.77
1742867770.553456 -10.878 -16.586 -0.023 1.25 -1.08 177.63
1742867770.653461 -10.871 -16.584 -0.033 1.21 -1.14 177.75
1742867770.753456 -10.894 -16.568 -0.027 1.03 -1.15 177.62
1742867770.853465 -10.889 -16.568 -0.025 1.22 -0.99 177.68
1742867770.953456 -10.891 -16.571 -0.033 1.35 -1.01 177.75
1742867771.53474 -10.897 -16.577 -0.025 1.23 -1.07 177.51
1742867771.153477 -10.912 -16.562 -0.036 0.83 -1.11 177.29
1742867771.253416 -10.922 -16.552 -0.04 0.7 -1.17 177.33
1742867771.353478 -10.914 -16.531 -0.037 0.66 -1.15 177.17
1742867771.453460 -10.917 -16.519 -0.05 0.37 -0.98 177.22
1742867771.553420 -10.911 -16.487 -0.052 -0.18 -0.94 177.24
1742867771.653467 -10.91 -16.513 -0.05 -0.03 -0.84 177.08
1742867771.753466 -10.906 -16.513 -0.044 0.22 -0.89 176.74
1742867771.953470 -10.949 -16.475 -0.05 -0.15 -0.77 175.83
1742867772.53484 -10.91 -16.508 -0.051 0.05 -0.95 176.56
1742867772.153449 -11.018 -16.472 -0.051 -0.04 -0.93 175.22
1742867772.253458 -10.994 -16.466 -0.049 -0.01 -0.79 175.88
1742867772.353464 -10.986 -16.459 -0.046 0.09 -0.71 175.52
1742867772.453463 -10.998 -16.474 -0.046 0.05 -0.72 175.38
1742867772.563470 -11.012 -16.448 -0.046 0.08 -0.84 175.39
1742867772.653466 -11.009 -16.449 -0.047 0.04 -0.81 175.27
1742867772.753455 -10.999 -16.463 -0.049 0.11 -0.79 175.19
1742867772.853456 -11.005 -16.445 -0.045 0.12 -0.6 174.63
1742867772.953457 -11.064 -16.393 -0.047 -0.01 -0.84 174.1
1742867773.53478 -11.078 -16.422 -0.048 0.11 -0.85 173.86
1742867773.153471 -11.095 -16.427 -0.046 0.11 -0.9 173.68
1742867773.253476 -11.119 -16.43 -0.037 0.38 -0.73 173.18
1742867773.353458 -11.108 -16.426 -0.046 0.25 -0.92 173.52
1742867773.443449 -11.068 -16.419 -0.041 0.19 -0.7 173.79
1742867773.553454 -11.077 -16.442 -0.042 0.1 -0.87 173.69
1742867773.653456 -11.083 -16.401 -0.048 0.08 -0.97 173.91
1742867773.753475 -11.057 -16.418 -0.044 -0.07 -0.86 174.25
1742867773.863457 -11.077 -16.41 -0.049 -0.06 -0.89 173.92
1742867773.953454 -11.049 -16.446 -0.051 0.02 -0.86 174.52
1742867774.53461 -11.007 -16.453 -0.045 0.08 -0.84 175.17
1742867774.153461 -10.973 -16.468 -0.046 0.05 -0.73 175.28
1742867774.253459 -11.002 -16.467 -0.056 -0.15 -1.16 174.89
1742867774.353456 -10.988 -16.451 -0.053 -0.14 -1.09 175.19
1742867774.453459 -10.987 -16.468 -0.055 -0.13 -0.98 174.99
1742867774.553456 -10.965 -16.496 -0.05 -0.01 -1.14 175.17
1742867774.653501 -10.973 -16.471 -0.063 -0.31 -1.32 175.36
1742867774.753456 -10.942 -16.522 -0.042 0.16 -0.99 175.39
1742867774.853456 -10.894 -16.562 -0.046 0.16 -1.25 176.2
1742867774.953458 -10.884 -16.524 -0.052 -0.05 -1.06 176.11
1742867775.53457 -10.899 -16.526 -0.058 -0.19 -1.22 176.21
1742867775.153457 -10.9 -16.53 -0.058 -0.27 -1.35 176.37
1742867775.253481 -10.792 -16.636 -0.049 -0.09 -1.4 179.22
1742867775.353422 -10.739 -16.641 -0.047 -0.07 -1.42 -179.8
1742867775.463429 -10.736 -16.61 -0.048 -0.52 -1.52 179.77
1742867775.553473 -10.713 -16.598 -0.064 -0.8 -1.55 -179.87
1742867775.653457 -10.695 -16.618 -0.064 -0.64 -1.39 -179.38
1742867775.753456 -10.729 -16.578 -0.064 -0.49 -1.18 179.81
1742867775.853469 -10.889 -16.551 -0.051 -0.31 -1.31 177.97
1742867775.943449 -10.874 -16.544 -0.055 -0.69 -1.51 178.21
1742867776.63474 -10.842 -16.574 -0.058 -0.31 -1.44 178.45
1742867776.153466 -10.893 -16.562 -0.05 -0.28 -1.31 177.83
1742867776.253462 -10.883 -16.568 -0.047 0.18 -1.17 177.94
1742867776.353445 -10.82 -16.562 -0.053 0.03 -0.96 178.41
1742867776.453458 -10.86 -16.567 -0.051 0.05 -1.01 177.94
1742867776.553467 -10.845 -16.567 -0.051 0.15 -1 178.15
1742867776.653469 -10.874 -16.563 -0.047 0.1 -0.82 177.69
1742867776.753435 -10.857 -16.547 -0.049 0.03 -0.9 177.95
1742867776.853466 -10.835 -16.548 -0.06 -0.07 -1.01 178.12
1742867776.953452 -10.85 -16.564 -0.046 0.24 -0.86 178.05
1742867777.53501 -10.824 -16.589 -0.042 0.59 -1.02 178.26
1742867777.153466 -10.795 -16.606 -0.034 0.89 -1.08 178.26
1742867777.253461 -10.798 -16.617 -0.026 1.16 -1.14 178.17
1742867777.343454 -10.692 -16.63 -0.03 1.33 -1.08 179.28
1742867777.453444 -10.806 -16.608 -0.033 1.11 -1.21 178.07
1742867777.553476 -10.825 -16.578 -0.037 0.68 -1.34 178.1
1742867777.653455 -10.824 -16.593 -0.035 0.94 -1.44 177.98
1742867777.753452 -10.839 -16.616 -0.03 1.22 -1.24 177.9
1742867777.853448 -10.876 -16.486 -0.058 -0.57 -1.03 177.27
1742867777.953479 -10.894 -16.515 -0.054 -0.44 -1.12 177.25
