1742868493.630783 2.024 -10.044 0.241 -3.1 7.85 24.25
1742868493.730754 2.001 -10.053 0.25 -3.57 6.94 22.99
1742868493.830796 1.945 -10.034 0.255 -3.85 6.55 22.08
1742868493.930781 1.88 -10.008 0.267 -3.99 6.68 21.67
1742868494.40758 0.277 -8.548 0.147 -4.4 2.25 5.46
1742868494.140771 0.019 -6.461 0.063 -3.33 2.6 6.11
1742868494.230806 0.038 -6.39 0.053 -3.02 2.91 5.87
1742868494.330795 0.024 -6.361 0.085 -3.64 4.35 5.24
1742868494.430818 0.041 -6.317 0.1 -3.54 5.13 4.97
1742868494.530785 0.05 -6.241 0.074 -3.26 4.47 4.29
1742868494.630795 0.026 -6.139 0.064 -3.12 4.5 3.78
1742868494.730805 0.033 -6.104 0 -2.69 1.99 3.58
1742868494.830785 0.029 -6.052 -0.014 -2.33 1.54 2.82
1742868494.940775 -0.002 -5.976 -0.012 -2.68 1.42 1.94
1742868495.30782 0.014 -5.906 0.005 -3.06 1.52 1.87
1742868495.130785 0.022 -5.832 -0.004 -3.07 1.33 1.89
1742868495.230831 0.03 -5.775 -0.008 -3.09 1.28 1.85
1742868495.330784 0.033 -5.709 -0.001 -3.12 1.85 1.53
1742868495.430796 0.02 -5.641 -0.01 -3.08 1.85 1.06
1742868495.530774 0.025 -5.575 -0.017 -2.82 1.97 0.78
1742868495.630763 0.017 -5.536 0 -3.19 2.32 0.39
1742868495.730778 0.023 -5.469 -0.02 -2.67 2.05 0.4
1742868495.830756 0.012 -5.425 -0.012 -2.76 2.54 0.19
1742868495.930786 0.018 -5.371 -0.019 -2.72 2.82 0.52
1742868496.30803 -0.002 -5.325 -0.009 -3.01 2.49 0.4
1742868496.130823 -0.005 -5.277 -0.004 -3.04 2.55 0.59
1742868496.230800 0.017 -5.229 -0.035 -2.71 2.05 1.02
1742868496.330805 0.054 -5.187 -0.028 -2.72 2.21 1.78
1742868496.430791 0.054 -5.133 -0.017 -3.04 2.19 1.72
1742868496.530785 0.049 -5.08 -0.029 -2.9 2.34 1.69
1742868496.640769 0.021 -5.027 -0.035 -2.77 2.3 1.16
1742868496.740793 0.012 -5.032 -0.025 -3.07 2.52 1.04
1742868496.830793 0.019 -5 -0.028 -2.99 2.59 1.42
1742868496.930797 0.032 -4.96 -0.036 -2.78 2.51 1.93
1742868497.30787 0.048 -4.925 -0.043 -2.69 2.34 2.49
1742868497.130757 0.043 -4.908 -0.047 -2.85 2.28 2.86
1742868497.230787 0.05 -4.904 -0.045 -2.67 2.48 3.86
1742868497.330812 0.059 -4.888 -0.035 -2.75 2.95 4.61
1742868497.430799 0.055 -4.885 -0.041 -2.71 2.29 4.64
1742868497.530812 0.057 -4.866 -0.04 -2.66 2.23 4.83
1742868497.640773 0.06 -4.849 -0.032 -2.7 2.32 4.95
1742868497.720786 0.056 -4.841 -0.034 -2.59 2.38 4.87
1742868497.820779 0.046 -4.841 -0.041 -2.56 2.29 4.63
1742868497.930811 0.048 -4.838 -0.05 -2.56 1.87 4.64
1742868498.20777 0.049 -4.844 -0.038 -2.69 2.03 4.66
1742868498.120783 0.049 -4.849 -0.032 -2.81 2.12 4.8
1742868498.230750 0.047 -4.847 -0.044 -2.74 1.69 4.53
1742868498.330782 0.041 -4.841 -0.049 -2.68 1.8 4.45
1742868498.420816 0.04 -4.846 -0.037 -2.85 1.81 4.43
1742868498.520788 0.047 -4.849 -0.041 -2.9 1.64 4.56
1742868498.630785 0.045 -4.85 -0.034 -2.75 1.96 4.53
1742868498.720791 0.045 -4.844 -0.042 -2.57 2.06 4.74
1742868498.820807 0.043 -4.85 -0.034 -2.63 2.39 4.59
1742868498.920802 0.044 -4.847 -0.048 -2.61 1.75 4.55
1742868499.30807 0.041 -4.855 -0.043 -2.74 1.91 4.51
1742868499.120792 0.045 -4.847 -0.045 -2.6 1.78 4.59
1742868499.230779 0.035 -4.848 -0.047 -2.73 1.59 4.36
1742868499.330782 0.045 -4.849 -0.047 -2.72 1.67 4.62
1742868499.430785 0.032 -4.852 -0.041 -2.79 1.85 4.36
1742868499.520774 0.035 -4.847 -0.041 -2.75 1.82 4.4
1742868499.620834 0.04 -4.855 -0.037 -2.86 1.98 4.44
1742868499.730824 0.04 -4.85 -0.044 -2.74 1.74 4.43
1742868499.830794 0.031 -4.845 -0.036 -2.61 1.92 4.27
1742868499.930875 0.04 -4.842 -0.04 -2.62 2 4.44
1742868500.20796 0.037 -4.85 -0.042 -2.72 1.78 4.27
1742868500.120794 0.03 -4.847 -0.046 -2.65 1.66 4.28
1742868500.240754 0.038 -4.849 -0.038 -2.86 1.81 4.39
1742868500.330789 0.043 -4.845 -0.039 -2.64 2.1 4.57
1742868500.430793 0.042 -4.837 -0.031 -2.7 2.34 4.69
1742868500.530798 0.046 -4.831 -0.044 -2.46 1.96 4.78
1742868500.630787 0.04 -4.826 -0.045 -2.62 1.71 4.59
1742868500.740808 0.052 -4.807 -0.057 -2.55 1.47 4.85
1742868500.830784 0.041 -4.785 -0.056 -2.6 1.32 4.39
1742868500.930782 0.019 -4.757 -0.056 -2.62 1.5 3.64
1742868501.30784 0.004 -4.71 -0.058 -2.47 1.85 2.56
1742868501.130781 -0.019 -4.677 -0.054 -2.44 2.29 1.94
1742868501.230813 -0.022 -4.652 -0.053 -2.43 2.3 1.72
1742868501.330787 -0.02 -4.622 -0.046 -2.59 2.7 1.57
1742868501.430747 -0.005 -4.605 -0.054 -2.38 2.32 1.39
1742868501.530794 0 -4.566 -0.054 -2.32 2.59 1.17
1742868501.640793 -0.011 -4.526 -0.056 -2.49 2.15 0.28
1742868501.730796 -0.023 -4.469 -0.05 -2.5 2.76 -0.3
1742868501.830792 -0.023 -4.438 -0.057 -2.73 2.47 -0.78
1742868501.930796 -0.025 -4.403 -0.057 -2.74 2.37 -1.24
1742868502.30786 -0.031 -4.337 -0.048 -2.84 2.73 -1.6
1742868502.130796 -0.025 -4.275 -0.063 -2.64 2.25 -2.02
1742868502.230784 -0.026 -4.222 -0.057 -2.5 2.44 -2.38
1742868502.330810 -0.016 -4.191 -0.065 -2.64 2.22 -2.44
1742868502.430780 -0.012 -4.134 -0.064 -2.7 2.77 -2.76
1742868502.530798 0.003 -4.087 -0.075 -2.67 2.24 -2.45
1742868502.630781 0.007 -4.046 -0.078 -2.77 2.22 -2.45
1742868502.730787 -0.002 -4.004 -0.072 -2.84 2.46 -2.49
1742868502.830782 -0.013 -3.96 -0.076 -2.56 2.43 -2.7
1742868502.940801 -0.005 -3.925 -0.083 -2.46 2.06 -2.62
1742868503.30799 0 -3.873 -0.077 -2.61 2.43 -2.57
1742868503.130833 0.005 -3.816 -0.099 -2.4 2.07 -2.59
1742868503.230771 0.015 -3.784 -0.097 -2.33 1.86 -2.88
1742868504.140791 0.037 -3.458 -0.103 -2.67 3.04 -2.9
1742868504.240776 0.03 -3.427 -0.11 -2.47 2.45 -2.23
1742868504.430797 0.039 -3.388 -0.12 -2.24 2.81 0.91
1742868504.530805 0.047 -3.36 -0.112 -2.13 2.88 2.13
1742868504.630787 0.041 -3.331 -0.13 -2.23 1.72 3.11
1742868504.730799 0.039 -3.302 -0.135 -2.23 1.81 3.96
1742868504.830825 0.057 -3.275 -0.122 -2.06 1.89 5.35
1742868504.930810 0.054 -3.257 -0.129 -2.08 1.78 5.84
1742868505.30787 0.039 -3.22 -0.121 -1.97 3.05 5.79
1742868505.130783 0.03 -3.144 -0.125 -1.78 2.46 6.36
1742868505.230781 0.019 -3.099 -0.119 -1.91 2.73 6.96
1742868505.330754 0.021 -3.069 -0.131 -1.74 2.21 7.33
1742868505.440799 0.012 -3.006 -0.137 -2.08 2.59 7.58
1742868505.640776 -0.003 -2.866 -0.129 -2.03 3.04 7.86
1742868505.830791 -0.028 -2.753 -0.127 -1.53 3.72 7.4
1742868505.930785 -0.027 -2.723 -0.129 -1.48 3.6 7.94
1742868506.30737 -0.036 -2.7 -0.132 -1.33 3.74 8.06
1742868506.130795 -0.033 -2.678 -0.119 -1.46 3.91 8.15
1742868506.230805 -0.029 -2.613 -0.127 -1.22 3.63 9.09
1742868506.330824 -0.053 -2.564 -0.126 -0.83 4.01 10.89
1742868506.430819 -0.071 -2.518 -0.133 -0.76 3.82 12.1
1742868506.630802 -0.09 -2.405 -0.136 -0.63 4.14 13.4
1742868506.730811 -0.101 -2.325 -0.14 -0.51 3.67 14.07
1742868506.830794 -0.124 -2.273 -0.139 -0.74 4.08 14.55
1742868506.930789 -0.143 -2.21 -0.135 -0.65 4.04 15.14
1742868507.30787 -0.15 -2.165 -0.151 -0.67 3.75 15.34
1742868507.130784 -0.16 -2.121 -0.159 -0.74 3.52 15.85
1742868507.230793 -0.171 -2.08 -0.15 -0.45 3.71 16.28
1742868507.330783 -0.192 -2.055 -0.158 -0.44 3.58 16.82
1742868507.430818 -0.196 -2.022 -0.156 -0.23 3.83 16.81
1742868507.530787 -0.198 -1.995 -0.161 -0.43 3.73 16.85
1742868507.630798 -0.211 -1.951 -0.152 -0.36 3.98 16.89
1742868507.730784 -0.248 -1.875 -0.147 0.04 4.19 17.29
1742868507.830815 -0.265 -1.817 -0.147 0.12 4.27 17.09
1742868507.930783 -0.294 -1.776 -0.158 -0.15 4.14 17.34
1742868508.30784 -0.299 -1.725 -0.162 -0.38 4.06 17.03
1742868508.130783 -0.316 -1.674 -0.164 -0.52 3.8 17.01
1742868508.240792 -0.34 -1.598 -0.175 -0.48 3.66 16.9
1742868508.330827 -0.36 -1.544 -0.169 -0.42 3.85 16.91
1742868508.430775 -0.377 -1.497 -0.17 -0.2 3.77 16.76
1742868508.530786 -0.382 -1.448 -0.181 -0.45 3.51 16.57
1742868508.630826 -0.397 -1.393 -0.183 -0.54 3.24 16.97
1742868508.730794 -0.411 -1.327 -0.188 -0.47 3 16.78
1742868508.830797 -0.432 -1.279 -0.196 -0.26 3.38 16.64
1742868508.930817 -0.465 -1.241 -0.179 -0.12 3.4 17
1742868509.30798 -0.458 -1.219 -0.187 -0.12 3.2 16.79
1742868509.140775 -0.465 -1.177 -0.175 -0.13 3.6 16.72
1742868509.240786 -0.469 -1.07 -0.16 0.21 3.93 16.36
1742868509.330809 -0.492 -0.981 -0.158 0.41 3.59 16.15
1742868509.430829 -0.504 -0.943 -0.15 0.63 3.75 16.08
1742868509.530796 -0.507 -0.942 -0.174 0.26 3.66 15.35
1742868509.630801 -0.511 -0.876 -0.167 0.23 3.16 14.94
1742868509.730784 -0.51 -0.807 -0.176 -0.07 3.47 14.42
1742868509.830785 -0.529 -0.743 -0.185 -0.19 3.23 14.09
1742868509.930790 -0.545 -0.69 -0.184 0.09 3.32 13.79
1742868510.30784 -0.571 -0.624 -0.159 0.61 3.51 13.48
1742868510.130783 -0.587 -0.601 -0.154 0.73 3.85 12.99
1742868510.230788 -0.604 -0.568 -0.19 0.3 3.21 12.62
1742868510.330786 -0.603 -0.546 -0.297 -0.7 0.81 12.53
1742868510.430801 -0.616 -0.537 -0.358 -1.7 0.26 12
1742868510.530790 -0.61 -0.551 -0.46 -3.06 -0.22 11.31
1742868510.630787 -0.603 -0.586 -0.447 -3.02 -0.45 10.89
1742868510.730804 -0.628 -0.471 -0.44 -2.68 -0.1 10.7
1742868510.830780 -0.628 -0.436 -0.453 -2.87 -0.26 10.74
1742868510.930778 -0.642 -0.362 -0.433 -2.57 0.39 10.44
1742868511.30810 -0.66 -0.324 -0.468 -3.13 0.19 10.51
1742868511.130851 -0.661 -0.34 -0.443 -3.08 0.51 10.59
1742868511.230802 -0.649 -0.333 -0.46 -3.47 0.47 10.32
1742868511.330791 -0.657 -0.301 -0.426 -2.9 0.52 10.42
1742868511.440783 -0.666 -0.237 -0.388 -2.81 1.41 10.23
1742868511.530790 -0.677 -0.183 -0.372 -2.81 1.9 10.24
1742868511.630821 -0.68 -0.176 -0.334 -1.2 1.01 10.58
1742868511.730858 -0.681 -0.064 -0.292 -0.36 1.26 9.98
1742868511.830796 -0.683 -0.065 -0.285 -0.11 1.25 9.83
1742868511.930785 -0.679 -0.058 -0.296 -0.01 0.74 9.68
1742868512.30789 -0.685 -0.07 -0.281 0.16 0.98 9.68
1742868512.130738 -0.683 -0.061 -0.294 -0.03 0.93 9.65
1742868512.230808 -0.675 -0.062 -0.306 -0.3 0.85 9.52
1742868512.330820 -0.692 -0.077 -0.338 -0.93 1.08 9.9
1742868512.430789 -0.677 -0.086 -0.328 -1.17 1.38 9.62
1742868512.530789 -0.674 -0.103 -0.338 -1.38 1.34 9.49
1742868512.630824 -0.675 -0.113 -0.351 -1.42 0.86 9.81
1742868512.730791 -0.675 -0.118 -0.358 -1.75 1.06 9.73
1742868512.830789 -0.683 -0.064 -0.333 -1.02 0.79 9.8
1742868512.930850 -0.684 -0.073 -0.338 -1.15 0.91 9.81
1742868513.30787 -0.681 -0.071 -0.334 -1.33 1.13 9.66
1742868513.130791 -0.681 -0.063 -0.32 -0.84 1.09 9.72
1742868513.230788 -0.685 -0.064 -0.31 -0.66 1.24 9.77
1742868513.330806 -0.683 -0.056 -0.306 -0.27 0.95 9.87
1742868513.430810 -0.698 -0.05 -0.289 0.11 1.13 10.08
1742868513.540779 -0.682 -0.061 -0.286 0.01 1.07 9.82
1742868513.630783 -0.692 -0.037 -0.281 0.62 0.79 10.06
1742868513.720766 -0.699 -0.05 -0.265 0.84 0.97 10.18
1742868513.830787 -0.695 -0.06 -0.274 0.98 0.66 10.26
1742868513.930811 -0.69 -0.049 -0.275 0.84 0.57 10.16
1742868514.30788 -0.691 -0.049 -0.278 0.77 0.57 10.19
1742868514.130790 -0.698 -0.058 -0.269 0.91 0.81 10.23
