1742867948.655726 0.005 -0.003 -0.019 -0.43 0.42 -0.33
1742867948.885704 0 -0.01 -0.051 -0.29 2.19 -0.91
1742867948.985732 0.009 -0.018 -0.052 -0.36 2.14 -1.06
1742867949.85710 -0.001 -0.02 -0.045 -0.24 2.16 -0.91
1742867949.185736 0.012 -0.021 -0.054 -0.46 2.01 -1.08
1742867949.285732 0.011 -0.022 -0.054 -0.51 1.86 -1.14
1742867949.385716 0.009 -0.02 -0.055 -0.4 2.03 -1.11
1742867949.485759 0.008 -0.005 -0.052 -0.29 2.28 -1.12
1742867949.585701 0.003 -0.006 -0.051 -0.24 2.44 -1.07
1742867949.685729 0 0.001 -0.046 -0.22 2.06 -0.92
1742867949.795682 -0.007 0.023 -0.05 -0.22 2.16 -0.81
1742867949.885750 -0.014 0.015 -0.051 -0.23 2.2 -0.68
1742867949.985742 -0.007 0.011 -0.05 -0.33 2.02 -0.74
1742867950.85716 -0.016 0.01 -0.054 -0.52 1.68 -0.61
1742867950.185716 -0.005 0.02 -0.048 -0.26 2.02 -0.81
1742867950.285713 -0.011 0.015 -0.047 -0.25 2.23 -0.74
1742867950.385717 -0.009 0.006 -0.051 -0.45 2.02 -0.75
1742867950.485717 -0.005 0.016 -0.049 -0.35 1.99 -0.8
1742867950.585758 -0.009 0.003 -0.051 -0.16 2.12 -0.74
1742867950.685731 -0.008 0.024 -0.054 -0.52 1.79 -0.7
1742867950.785762 -0.005 0.013 -0.052 -0.42 1.98 -0.77
1742867950.895731 -0.012 0.017 -0.051 -0.3 2.07 -0.69
1742867950.995692 -0.005 0.012 -0.054 -0.42 1.81 -0.74
1742867951.85742 -0.011 0.016 -0.054 -0.39 1.95 -0.65
1742867951.185726 -0.001 0.019 -0.053 -0.26 1.93 -0.8
1742867951.285729 -0.014 0.007 -0.054 -0.17 1.96 -0.65
1742867951.385718 -0.008 0.016 -0.055 -0.44 2.04 -0.73
1742867951.485737 -0.006 0.01 -0.045 -0.08 2.03 -0.75
1742867951.585731 -0.012 0.019 -0.05 -0.28 1.94 -0.65
1742867951.685737 -0.008 0.013 -0.05 -0.29 1.94 -0.7
1742867951.785712 -0.007 0.02 -0.054 -0.27 2.13 -0.79
1742867951.885717 -0.008 0.008 -0.054 -0.38 1.82 -0.66
1742867951.995742 -0.009 0.018 -0.049 -0.21 2.02 -0.69
1742867952.85733 -0.007 0.011 -0.05 -0.32 1.97 -0.72
1742867952.185745 -0.007 0.009 -0.05 -0.35 1.99 -0.75
1742867952.285693 -0.009 0.017 -0.052 -0.42 1.83 -0.67
1742867952.385729 -0.012 0.028 -0.05 -0.2 2.06 -0.7
1742867952.485686 -0.012 0.008 -0.05 -0.2 2.09 -0.68
1742867952.585737 -0.006 0.016 -0.052 -0.23 1.89 -0.69
1742867952.685716 -0.009 0.011 -0.049 -0.5 1.87 -0.68
1742867952.785724 -0.015 0.009 -0.06 -0.43 2.12 -0.67
1742867952.885720 -0.004 0.011 -0.055 -0.36 2.05 -0.78
1742867952.985729 -0.009 0.02 -0.053 -0.37 2.01 -0.75
1742867953.85708 -0.003 0.009 -0.054 -0.26 2.06 -0.81
1742867953.185731 -0.01 0.018 -0.048 -0.28 2.19 -0.74
1742867953.285737 -0.011 0.011 -0.056 -0.43 1.91 -0.66
1742867953.385718 -0.008 0.022 -0.048 -0.16 2.11 -0.75
1742867953.485720 -0.008 0.01 -0.052 -0.39 1.93 -0.69
1742867953.595726 -0.011 0.023 -0.045 -0.13 2.08 -0.7
1742867953.685727 -0.005 0.019 -0.051 -0.33 1.85 -0.73
1742867953.785714 -0.017 0.018 -0.051 -0.28 1.78 -0.55
1742867953.895714 -0.01 0.021 -0.054 -0.38 1.88 -0.67
1742867953.995716 -0.002 0.015 -0.057 -0.3 2.15 -0.87
1742867954.85716 -0.012 0.011 -0.053 -0.34 1.77 -0.61
1742867954.185734 -0.001 0.016 -0.054 -0.36 1.92 -0.81
1742867954.285765 -0.006 0.023 -0.051 -0.33 1.85 -0.73
1742867954.385722 -0.006 0.028 -0.05 -0.37 1.84 -0.73
1742867954.485723 -0.002 0.018 -0.041 -0.03 2.04 -0.78
1742867954.585761 -0.004 0.028 -0.045 -0.14 1.93 -0.74
1742867954.685726 -0.005 0.015 -0.047 -0.26 1.91 -0.74
1742867954.785742 -0.006 0.023 -0.047 -0.14 1.9 -0.73
1742867954.885742 -0.007 0.022 -0.046 -0.13 1.93 -0.73
1742867954.985727 -0.005 0.03 -0.049 -0.12 1.79 -0.72
1742867955.95748 -0.004 0.017 -0.051 -0.21 1.77 -0.73
1742867955.185717 -0.003 0.024 -0.051 -0.28 1.81 -0.78
1742867955.285722 -0.009 0.016 -0.047 -0.03 2.07 -0.7
1742867955.385716 -0.006 0.04 -0.043 -0.08 2 -0.78
1742867955.485720 -0.008 0.04 -0.048 -0.18 1.82 -0.75
1742867955.585740 -0.002 0.04 -0.047 -0.11 2.04 -0.91
1742867955.695761 -0.004 0.05 -0.053 -0.36 1.85 -0.86
1742867955.785764 -0.007 0.035 -0.05 -0.3 1.83 -0.81
1742867955.885784 -0.006 0.049 -0.053 -0.31 1.93 -0.87
1742867955.995728 -0.008 0.044 -0.058 -0.38 1.68 -0.88
1742867956.95728 -0.004 0.042 -0.055 -0.35 1.94 -0.97
1742867956.185740 -0.015 0.05 -0.049 -0.25 1.88 -0.77
1742867956.305748 -0.006 0.051 -0.053 -0.35 1.91 -0.89
1742867956.395716 -0.009 0.057 -0.052 -0.17 1.95 -0.91
1742867956.485766 -0.01 0.049 -0.052 -0.29 2.24 -0.96
1742867956.585734 -0.005 0.044 -0.061 -0.34 1.94 -0.92
1742867956.685720 -0.017 0.057 -0.045 -0.1 2 -0.78
1742867956.785719 -0.015 0.051 -0.046 -0.08 2.04 -0.84
1742867956.895717 -0.009 0.045 -0.05 -0.24 1.86 -0.87
1742867956.995724 -0.014 0.062 -0.047 -0.1 2 -0.88
1742867957.85732 -0.021 0.058 -0.051 -0.1 1.88 -0.76
1742867957.195750 -0.017 0.07 -0.051 -0.11 1.85 -0.83
1742867957.285734 -0.022 0.062 -0.052 -0.28 1.99 -0.8
1742867957.385723 -0.016 0.073 -0.048 -0.21 1.93 -0.84
1742867957.485716 -0.012 0.063 -0.05 -0.19 2.2 -0.96
1742867957.587176 -0.014 0.071 -0.045 -0.2 2.03 -0.85
1742867957.685670 -0.013 0.051 -0.04 -0.14 2.33 -0.88
1742867957.795717 -0.006 0.066 -0.05 -0.35 2.09 -0.99
1742867957.885714 -0.011 0.069 -0.048 -0.26 2.28 -0.98
1742867957.985731 -0.003 0.063 -0.054 -0.32 1.96 -1.03
1742867958.85734 -0.012 0.059 -0.053 -0.36 1.88 -0.87
1742867958.195733 -0.003 0.063 -0.047 -0.32 1.97 -1.03
1742867958.295741 -0.01 0.057 -0.047 -0.34 2.09 -0.92
1742867958.395717 -0.008 0.061 -0.047 -0.31 2.07 -0.94
1742867958.485727 -0.014 0.066 -0.045 -0.23 2.41 -0.94
1742867958.595759 -0.003 0.059 -0.045 -0.25 2.08 -0.98
1742867958.685725 -0.012 0.067 -0.042 -0.29 2.18 -0.86
1742867958.785716 -0.024 0.065 -0.037 -0.17 2.26 -0.66
1742867958.895717 -0.023 0.063 -0.04 -0.24 2.29 -0.63
1742867958.995721 -0.024 0.065 -0.039 -0.18 2.3 -0.58
1742867959.85724 -0.039 0.066 -0.039 -0.23 2.54 -0.39
1742867959.185731 -0.035 0.057 -0.041 -0.27 2.4 -0.38
1742867959.285726 -0.051 0.054 -0.029 0.13 2.43 -0.04
1742867959.385737 -0.039 0.063 -0.025 0.24 2.18 -0.22
1742867959.485725 -0.041 0.08 -0.027 0.23 2.14 -0.18
1742867959.585716 -0.043 0.096 -0.026 0.5 2.24 -0.16
1742867959.685719 -0.045 0.091 -0.027 0.42 2.42 -0.15
1742867959.785693 -0.037 0.095 -0.032 0.13 2.18 -0.24
1742867959.885725 -0.044 0.088 -0.026 0.44 2.33 -0.17
1742867959.995739 -0.046 0.109 -0.03 0.24 1.96 -0.2
1742867960.78875 -0.038 0.104 -0.033 0.22 1.96 -0.51
1742867960.185682 -0.043 0.097 -0.032 -0.16 1.97 -0.35
1742867960.285750 -0.049 0.073 -0.037 0.14 2.1 -0.11
1742867960.385678 -0.042 0.067 -0.036 -0.11 1.89 -0.27
1742867960.495714 -0.046 0.05 -0.041 -0.28 1.74 -0.47
1742867960.585740 -0.041 0.024 -0.031 0.11 1.32 -1.1
1742867960.685753 -0.043 -0.004 -0.043 -0.55 1.44 -1.63
1742867960.789195 -0.041 -0.036 -0.044 -0.48 1.67 -2.01
1742867960.885745 -0.048 -0.099 -0.046 -0.44 1.7 -1.87
1742867960.985720 -0.059 -0.185 -0.044 -0.57 1.81 -1.25
1742867961.85730 -0.053 -0.191 -0.053 -0.47 1.61 -0.77
1742867961.185719 -0.05 -0.259 -0.051 -0.8 1.87 -0.12
1742867961.285719 -0.051 -0.284 -0.054 -0.7 1.86 0.47
1742867961.390955 -0.046 -0.327 -0.055 -0.92 1.76 1.06
1742867961.586591 -0.051 -0.414 -0.062 -0.97 2.51 1.97
1742867961.695748 -0.048 -0.446 -0.058 -0.95 2.64 2.08
1742867961.785735 -0.055 -0.485 -0.05 -0.89 2.68 2.05
1742867961.895723 -0.064 -0.519 -0.056 -1.29 2.69 1.52
1742867961.985746 -0.049 -0.544 -0.065 -1.71 2.57 0.68
1742867962.95716 -0.043 -0.577 -0.063 -1.81 2.25 -0.04
1742867962.190959 -0.044 -0.646 -0.058 -1.59 2.48 -0.27
1742867962.395730 -0.059 -0.708 -0.033 -0.5 1.83 0.16
1742867962.495710 -0.077 -0.759 -0.034 -0.19 2.16 0.78
1742867962.595740 -0.063 -0.811 -0.034 -0.41 2.04 1.3
1742867962.685720 -0.057 -0.865 -0.032 0.17 1.81 1.76
1742867962.785725 -0.053 -0.938 -0.05 -0.41 2.08 2.07
1742867962.901001 -0.056 -0.979 -0.043 -0.27 1.65 2.13
1742867963.85756 -0.08 -1.051 -0.045 -0.56 1.81 1.61
1742867963.185736 -0.073 -1.098 -0.039 -0.49 1.3 2.05
1742867963.285735 -0.063 -1.158 -0.032 -0.33 1.42 2.14
1742867963.385722 -0.062 -1.209 -0.037 -0.5 1.54 2.14
1742867963.500979 -0.053 -1.287 -0.039 -0.61 1.57 2.68
1742867963.685722 -0.025 -1.4 -0.025 -0.72 2.08 3.09
1742867963.795726 -0.019 -1.446 -0.026 -0.98 2.3 3.39
1742867963.895714 -0.023 -1.481 -0.03 -0.44 2.08 3.69
1742867963.995718 -0.02 -1.544 -0.035 -0.67 1.85 3.53
1742867964.95707 -0.011 -1.582 -0.03 -0.74 2.15 2.64
1742867964.211037 -0.009 -1.614 -0.03 -0.88 2.06 1.53
1742867964.395731 -0.008 -1.788 -0.044 -0.74 2.21 1.31
1742867964.495696 -0.016 -1.842 -0.031 -0.85 2.27 2.1
1742867964.595723 -0.023 -1.903 -0.036 -0.47 2.14 2.94
1742867964.685730 -0.026 -1.911 -0.036 -0.36 2.13 3.38
1742867964.800953 -0.016 -1.944 -0.034 -0.35 2.11 3.45
1742867964.995728 -0.017 -1.993 -0.03 -0.02 2.23 4.16
1742867965.95724 -0.006 -2.044 -0.032 -0.19 2.21 4.26
1742867965.195725 0 -2.094 -0.036 -0.13 2.19 4.24
1742867965.295713 0.018 -2.14 -0.038 -0.14 1.92 3.66
1742867965.395702 0.028 -2.196 -0.033 -0.49 1.73 2.69
1742867965.495731 0.02 -2.206 -0.031 -0.26 1.76 2.42
1742867965.600960 0.018 -2.267 -0.041 0.11 1.82 2.81
1742867965.795687 -0.003 -2.346 -0.033 0.23 2.12 4.57
1742867965.895727 0.01 -2.418 -0.026 0 2.09 4.99
1742867965.995716 0.016 -2.462 -0.026 -0.01 2.36 5.07
1742867966.105740 0.027 -2.491 -0.031 -0.01 2.21 5.41
1742867966.195719 0.026 -2.553 -0.025 0.07 2.59 5.84
1742867966.301141 0.033 -2.619 -0.019 0.03 2.4 5.92
1742867966.495749 0.062 -2.768 -0.03 0.08 2.55 5.67
1742867966.605723 0.066 -2.787 -0.033 0.17 2.29 5.46
1742867966.695750 0.067 -2.819 -0.032 0.01 2.22 5.28
1742867966.795718 0.067 -2.875 -0.033 0.16 2.22 5.39
1742867966.915770 0.07 -2.916 -0.031 0.16 2.24 5.57
1742867966.991014 0.077 -2.977 -0.028 0.11 2.26 5.76
1742867967.295710 0.103 -3.14 -0.032 -0.32 1.97 6.75
1742867967.485710 0.108 -3.208 -0.029 0.1 1.99 8.11
1742867967.585717 0.122 -3.226 -0.026 -0.01 1.95 8.17
1742867967.685718 0.126 -3.259 -0.019 -0.31 2.17 8.45
1742867967.791023 0.14 -3.305 -0.027 -0.13 2.06 8.81
1742867967.995732 0.17 -3.492 -0.022 -0.4 1.9 8.66
1742867968.95751 0.189 -3.552 -0.019 -0.12 2.01 7.96
1742867968.195730 0.187 -3.575 -0.018 0.1 2.13 7.06
1742867968.301067 0.19 -3.638 -0.016 -0.24 2.08 5.99
1742867968.585720 0.208 -3.792 -0.013 -0.52 2.22 3.15
1742867968.685754 0.216 -3.822 -0.018 -0.17 2.21 3.18
1742867968.785730 0.225 -3.868 -0.013 -0.56 2.38 3.05
1742867968.885732 0.233 -3.934 -0.01 -0.71 2.45 2.75
1742867968.991072 0.226 -3.963 -0.012 -0.36 2.5 1.82
1742867969.295705 0.219 -4.092 -0.016 -0.48 2.65 1.11
1742867969.395719 0.223 -4.142 -0.008 -0.68 2.75 1.29
1742867969.505726 0.225 -4.194 -0.015 -0.68 2.86 1.63
1742867969.701017 0.232 -4.267 -0.016 -0.74 2.63 2.15
1742867969.995775 0.257 -4.437 -0.002 -0.78 2.86 2.26
1742867970.95731 0.248 -4.484 0.001 -0.52 2.86 1.8
1742867970.195737 0.268 -4.538 -0.001 -0.77 2.74 0.68
1742867970.291014 0.265 -4.574 0.002 -1.05 2.71 -0.78
1742867970.595737 0.268 -4.731 0.02 -1.48 2.86 -3.56
1742867970.695717 0.272 -4.793 0.012 -1.43 2.86 -3.49
1742867970.795709 0.261 -4.851 0.009 -1.38 2.86 -3.18
1742867970.901026 0.256 -4.899 0.005 -1.15 2.86 -2.66
1742867971.195716 0.278 -5.066 0.031 -1.36 2.86 0.33
1742867971.295726 0.276 -5.125 0.028 -1.2 2.86 0.55
1742867971.501024 0.284 -5.206 0.03 -1.59 2.86 0.22
1742867971.795762 0.303 -5.411 0.069 -2.41 2.86 -1.64
1742867971.895731 0.288 -5.454 0.075 -2.38 2.86 -2.24
1742867971.995695 0.283 -5.491 0.075 -2.3 2.86 -2.75
1742867972.101036 0.27 -5.539 0.064 -2.31 2.86 -4.47
1742867972.395739 0.306 -5.685 0.073 -2.44 2.86 -1.69
1742867972.495692 0.321 -5.709 0.07 -1.98 2.86 0.29
1742867972.595716 0.311 -5.725 0.073 -2.17 2.86 2.31
1742867972.695718 0.303 -5.759 0.077 -2.12 2.86 4
1742867972.795761 0.321 -5.798 0.082 -2.04 2.86 5.74
1742867972.895715 0.322 -5.828 0.079 -2.03 2.86 6.66
1742867973.1018 0.323 -5.847 0.086 -2 2.86 7.74
1742867973.295717 0.337 -5.912 0.086 -2.03 2.86 8.2
1742867973.395740 0.346 -5.94 0.081 -1.79 2.86 8.47
1742867973.495727 0.359 -5.962 0.088 -2.02 2.86 8.87
1742867973.595729 0.354 -5.991 0.081 -1.97 2.86 8.68
1742867973.695692 0.363 -6.011 0.083 -1.98 2.86 8.27
1742867973.795699 0.341 -6.042 0.075 -1.85 2.86 7.14
1742867973.895717 0.345 -6.082 0.078 -1.89 2.86 6.35
1742867973.995729 0.333 -6.105 0.047 -1.38 2.8 5.38
1742867974.95719 0.355 -6.14 0.074 -1.94 2.86 4.97
1742867974.201064 0.367 -6.156 0.067 -1.94 2.86 4.33
1742867974.495730 0.357 -6.251 0.075 -2.1 2.86 3.32
1742867974.595738 0.342 -6.271 0.083 -2.25 2.86 3.37
1742867974.695717 0.348 -6.293 0.087 -2.3 2.86 3.27
1742867974.795717 0.342 -6.328 0.099 -2.46 2.86 2.69
1742867974.895716 0.36 -6.358 0.087 -2.4 2.86 2.01
1742867974.995715 0.383 -6.391 0.088 -2.34 2.86 1.47
1742867975.95717 0.365 -6.419 0.086 -2.47 2.86 0.26
1742867975.195719 0.377 -6.443 0.095 -2.52 2.86 -0.47
1742867975.301018 0.349 -6.469 0.089 -2.42 2.86 -1.55
1742867975.595732 0.373 -6.593 0.084 -2.32 1.82 -2.9
1742867975.695686 0.368 -6.642 0.089 -2.35 2.19 -3.19
1742867975.795748 0.376 -6.67 0.083 -2.2 1.88 -3.41
1742867975.895728 0.371 -6.697 0.1 -2.51 2.72 -3.71
1742867975.995716 0.371 -6.722 0.093 -2.41 2.11 -4.06
1742867976.95718 0.382 -6.74 0.1 -2.64 2.33 -4.26
1742867976.201067 0.4 -6.766 0.099 -2.5 2.21 -4.4
1742867976.595720 0.378 -6.909 0.09 -2.49 2.49 -5.72
1742867976.695721 0.379 -6.929 0.093 -2.6 2.72 -5.63
1742867976.795717 0.384 -6.953 0.084 -2.52 2.86 -5.54
1742867976.895717 0.382 -6.971 0.093 -2.78 2.86 -5.49
1742867976.995715 0.388 -6.986 0.088 -2.65 2.86 -5.3
1742867977.95752 0.385 -6.995 0.09 -2.64 2.86 -5.39
1742867977.185680 0.401 -7.01 0.1 -2.86 2.86 -5.17
1742867977.285716 0.423 -7.016 0.093 -2.76 2.86 -4.9
1742867977.395724 0.396 -7.046 0.1 -2.86 2.86 -5.26
1742867977.505717 0.409 -7.057 0.095 -2.73 2.86 -4.96
1742867977.695716 0.411 -7.115 0.1 -2.72 2.86 -4.49
1742867978.95687 0.324 -7.247 0.086 -2.41 2.86 -2.15
1742867978.195697 0.36 -7.276 0.084 -2.28 2.86 -0.86
1742867978.295771 0.364 -7.3 0.087 -2.2 2.86 -0.09
1742867978.395685 0.409 -7.329 0.084 -2.2 2.83 0.97
1742867978.495722 0.403 -7.359 0.093 -2.23 2.86 1.23
1742867978.595731 0.448 -7.38 0.095 -2.15 2.86 1.78
1742867978.795718 0.473 -7.445 0.089 -2.29 2.86 1.71
1742867979.195718 0.509 -7.572 0.1 -2.02 2.86 1.31
1742867979.295695 0.493 -7.573 0.099 -0.59 2.86 1.38
1742867979.395748 0.532 -7.626 0.07 -0.42 1.76 3.09
1742867979.495721 0.468 -7.657 0.095 0.65 2.86 3.72
1742867979.601280 0.475 -7.704 0.09 0.46 2.27 4.67
1742867980.105720 0.433 -7.85 0.1 2.09 2.86 8.83
1742867980.205734 0.425 -7.866 0.099 2.34 2.62 8.84
1742867980.295729 0.421 -7.879 0.1 2.4 2.67 8.56
1742867980.395718 0.45 -7.91 0.1 2.73 2.86 8.22
1742867980.495689 0.451 -7.941 0.1 2.86 2.65 7.58
1742867980.595716 0.478 -7.985 0.084 2.86 2.86 7.32
979726959.859254320 0.475 -8.03 -1.61061e+06 1.63454e+07 1.76845e+07 1.66641e+07
1742867981.205734 0.499 -8.268 0.076 2.86 2.24 6.47
1742867981.295749 0.493 -8.31 0.085 2.86 2.86 7
1742867981.401444 0.514 -8.337 0.079 2.86 2.65 7.45
1742867981.905762 0.554 -8.507 0.06 2.86 2.86 9.76
1742867982.5729 0.559 -8.53 0.078 2.86 2.86 9.71
1742867982.105726 0.563 -8.536 0.088 2.86 2.86 9.46
1742867982.205754 0.579 -8.594 0.047 2.86 2.86 9.04
1742867982.405709 0.606 -8.649 0.054 2.86 2.86 7.87
1742867982.815719 0.648 -8.833 0.038 2.86 2.86 6.56
1742867982.905720 0.65 -8.872 0.011 2.86 2.77 6.56
1742867983.5708 0.653 -8.886 0.024 2.86 2.79 6.78
1742867983.115717 0.658 -8.938 0.042 2.86 2.86 6.79
1701998435.808333370 0.665 -8.977 0.021 1.83016e+07 1.75135e+07 1.39929e+07
1742867983.715715 0.702 -9.108 0.015 2.86 2.72 8.66
1742867983.815740 0.713 -9.138 0.007 2.86 2.71 8.67
1742867983.915769 0.719 -9.175 -0.02 2.86 2.52 8.55
1742867984.15714 0.721 -9.227 0.011 2.86 2.86 8.61
1742867984.115737 0.718 -9.264 -0.007 2.86 2.71 8.95
1701998435.825110586 0.715 -9.308 0.003 1.83016e+07 1.75135e+07 1.39929e+07
1742867984.715721 0.722 -9.485 0.007 2.86 2.59 11.74
1742867984.815707 0.721 -9.519 -0.002 2.86 2.42 12.2
1742867984.915757 0.736 -9.566 -0.014 2.86 2.54 12.34
1701998435.825110586 0.758 -9.614 0.009 1.83016e+07 1.75135e+07 1.39929e+07
1701998435.808333370 0.804 -9.932 -0.049 1.83016e+07 1.75135e+07 1.39929e+07
1742867986.25708 0.894 -10.174 -0.044 2.86 2.48 19.54
980645236.1768700721 0.938 -10.211 -0.059 1.93771e+07 1.86984e+07 1.63501e+07
1742867986.625730 0.973 -10.353 -0.049 2.86 2.3 20.38
1742867986.715716 1.006 -10.411 -0.076 2.86 2.04 19.74
1701998435.808333370 1.047 -10.503 -0.084 1.83016e+07 1.75135e+07 1.39929e+07
1742867987.435719 1.171 -10.829 -0.078 2.86 1.92 22.22
1742867987.825698 1.249 -10.99 -0.063 2.78 2.5 19.38
1742867987.925728 1.287 -11.061 -0.098 2.82 2.32 18.93
980645236.1768700721 1.291 -11.145 -0.1 1.93771e+07 1.86984e+07 1.63501e+07
1742867988.625712 1.481 -11.468 -0.1 2.86 1.65 24.36
1742867988.935735 1.463 -11.525 -0.1 2.86 1.33 23.72
1742867989.25708 1.482 -11.584 -0.1 2.86 2.01 23.11
1742867989.125715 1.521 -11.64 -0.1 2.86 1.99 22.71
1701998435.808333370 1.55 -11.691 -0.1 1.83016e+07 1.75135e+07 1.39929e+07
1742867989.855734 1.742 -12 -0.1 2.86 1.39 25.31
1742867990.225716 1.804 -12.17 -0.1 2.86 1.33 27.72
1742867990.325717 1.828 -12.212 -0.1 2.86 1.37 27.77
1701998435.808333370 1.86 -12.261 -0.1 1.83016e+07 1.75135e+07 1.39929e+07
1742867990.935701 2.012 -12.519 -0.1 2.86 1.44 30.1
980645236.1768700721 2.037 -12.55 -0.1 1.93771e+07 1.86984e+07 1.63501e+07
1742867991.535727 2.132 -12.736 -0.1 2.86 1.18 31.85
1742867991.635715 2.159 -12.779 -0.1 2.86 1.09 31.3
1701998435.808333370 2.188 -12.837 -0.1 1.83016e+07 1.75135e+07 1.39929e+07
1742867991.935727 2.268 -12.951 -0.1 2.86 0.9 30.7
1742867992.235718 2.35 -13.062 -0.1 2.64 0.72 32.01
1742867992.335735 2.354 -13.081 -0.1 2.3 1.03 32.28
1742867992.565729 2.39 -13.142 -0.1 1.29 2.05 31.89
1742867992.935721 2.509 -13.295 -0.1 -0.89 2.86 31.9
980645236.1768700721 2.59 -13.366 -0.1 1.93771e+07 1.86984e+07 1.63501e+07
1701998435.808333370 2.795 -13.607 -0.1 1.83016e+07 1.75135e+07 1.39929e+07
1742867994.55728 2.967 -13.716 -0.1 -2.86 2.86 54.3
1742867994.145740 3.018 -13.726 -0.1 -2.86 2.86 56.54
1742867994.245731 3.041 -13.757 -0.1 -2.86 2.86 58.68
1701998435.808333370 3.069 -13.775 -0.1 1.83016e+07 1.75135e+07 1.39929e+07
1742867994.855716 3.262 -13.838 -0.1 -2.09 2.86 72.47
1742867994.945713 3.289 -13.842 -0.1 -1.79 2.86 74.72
1742867995.45719 3.307 -13.831 -0.1 -1.46 2.86 76.57
1742867995.155707 3.328 -13.811 -0.1 -1.31 2.86 77.96
1742867995.255701 3.352 -13.818 -0.1 -1.37 2.86 79.25
1701998435.808333370 3.412 -13.823 -0.1 1.83016e+07 1.75135e+07 1.39929e+07
1742867995.845753 3.657 -13.8 -0.1 -0.07 2.86 86.46
1701998435.808333370 3.731 -13.791 -0.1 1.83016e+07 1.75135e+07 1.39929e+07
1742867996.495700 3.836 -13.828 -0.1 0.5 2.86 95.42
1742867996.635768 3.957 -13.811 -0.1 0.8 2.86 95.7
1742867996.745735 4.03 -13.793 -0.1 0.8 2.86 96.23
1742867996.875723 4.108 -13.802 -0.1 0.9 2.86 96.99
1742867997.355727 4.321 -13.775 -0.1 1.07 2.86 99.35
1742867997.455695 4.361 -13.786 -0.1 0.92 2.86 98.87
1701998435.808333370 4.416 -13.771 -0.1 1.83016e+07 1.75135e+07 1.39929e+07
1742867997.932129 4.69 -13.598 -0.1 0.53 2.86 97.41
1742867998.335712 4.858 -13.602 -0.1 0.4 2.86 97.58
1742867998.435714 4.886 -13.59 -0.1 0.1 2.86 97.01
1742867998.535758 4.93 -13.606 -0.1 0.18 2.86 96.15
1701998435.808333370 5.011 -13.579 -0.1 1.83016e+07 1.75135e+07 1.39929e+07
1742867999.35729 5.253 -13.509 -0.1 0.09 2.86 96.41
1830161056.1751348321 5.336 -13.481 -0.1 -0.13 2.86 97.01
1742867999.525690 5.494 -13.455 -0.1 0.08 2.86 98.6
1742867999.635717 5.524 -13.463 -0.1 -0.04 2.86 98.48
1742867999.725714 5.592 -13.476 -0.1 0.22 2.86 98.23
1830161056.1751348321 5.637 -13.44 -0.1 0.08 2.86 97.91
1742868000.335731 5.926 -13.382 -0.1 0.36 2.86 100.55
1701998435.808333370 5.958 -13.378 -0.1 1.83016e+07 1.75135e+07 1.39929e+07
1742868000.835688 6.151 -13.318 -0.1 0.05 2.86 101.08
1742868000.935716 6.212 -13.332 -0.1 0.37 2.86 101.04
980645236.1768700721 6.252 -13.312 -0.1 1.93771e+07 1.86984e+07 1.63501e+07
1742868001.435714 6.495 -13.223 -0.1 0.38 2.86 101.2
1701998435.808333370 6.568 -13.249 -0.1 1.83016e+07 1.75135e+07 1.39929e+07
1742868001.945676 6.614 -13.268 -0.1 0.16 2.86 101.92
1742868002.215711 6.768 -13.17 -0.1 -0.03 2.86 98.85
1742868002.325734 6.853 -13.161 -0.1 -0.11 2.86 98.51
1742868002.422121 6.932 -13.115 -0.1 -0.13 2.86 98.66
1742868002.925742 7.174 -13.073 -0.1 0.01 2.86 101.53
1742868003.25734 7.203 -13.057 -0.1 0.02 2.86 101.53
1742868003.125765 7.212 -13.069 -0.1 0.04 2.86 101.14
1742868003.215708 7.212 -13.109 -0.1 0.12 2.86 99.91
1701998435.808333370 7.252 -13.075 -0.1 1.83016e+07 1.75135e+07 1.39929e+07
1701998435.808333370 7.561 -13 -0.1 1.83016e+07 1.75135e+07 1.39929e+07
1742868004.215722 7.818 -12.903 -0.1 0.03 2.86 101.24
1701998435.808333370 7.86 -12.9 -0.1 1.83016e+07 1.75135e+07 1.39929e+07
1742868004.815717 8.081 -12.863 -0.1 -0.2 2.86 102.55
1742868004.915710 8.138 -12.834 -0.1 0.1 2.86 102.84
980645236.1768700721 8.184 -12.826 -0.1 1.93771e+07 1.86984e+07 1.63501e+07
1742868005.515715 8.309 -12.794 -0.1 0.13 2.86 103.61
1742868005.615715 8.313 -12.803 -0.1 0.11 2.86 103.26
1742868005.715734 8.342 -12.808 -0.1 0.1 2.86 102.78
1742868005.815717 8.384 -12.793 -0.1 0.11 2.86 102.15
1742868005.915770 8.391 -12.785 -0.1 0 2.86 101.45
1742868006.25713 8.443 -12.783 -0.1 -0.07 2.86 100.71
980645236.1768700721 8.481 -12.767 -0.1 1.93771e+07 1.86984e+07 1.63501e+07
1742868006.615704 8.746 -12.705 -0.1 -0.12 2.86 98.18
1701998435.808333370 8.781 -12.679 -0.1 1.83016e+07 1.75135e+07 1.39929e+07
1742868007.225711 9.036 -12.62 -0.1 -0.07 2.86 99.84
1701998435.825110586 9.08 -12.638 -0.1 1.83016e+07 1.75135e+07 1.39929e+07
1742868007.815765 9.282 -12.582 -0.1 0.03 2.86 98.36
1742868007.915709 9.307 -12.6 -0.1 0.24 2.86 98
1742868008.15702 9.365 -12.583 -0.1 0.2 2.86 97.65
980645236.1768700721 9.413 -12.566 -0.1 1.93771e+07 1.86984e+07 1.63501e+07
1701998435.808333370 9.714 -12.5 -0.1 1.83016e+07 1.75135e+07 1.39929e+07
1742868009.115714 9.945 -12.449 -0.1 -0.1 2.86 99.27
1742868009.215717 10.003 -12.433 -0.1 -0.33 2.86 99.6
1701998435.808333370 10.062 -12.414 -0.1 1.83016e+07 1.75135e+07 1.39929e+07
1742868009.815720 10.327 -12.377 -0.1 0.42 2.86 101.85
1701998435.808333370 10.379 -12.35 -0.1 1.83016e+07 1.75135e+07 1.39929e+07
1742868010.415689 10.605 -12.305 -0.1 -0.14 2.86 100.99
1742868010.505721 10.671 -12.302 -0.1 -0.01 2.86 100.63
1742868010.765726 10.809 -12.253 -0.1 -0.02 2.86 100.39
1742868011.105753 11.027 -12.205 -0.1 -0.06 2.86 101.38
1742868011.211908 11.093 -12.171 -0.1 -0.13 2.86 101.6
1742868011.505680 11.221 -12.156 -0.1 -0.16 2.86 101.6
1742868011.705727 11.321 -12.15 -0.1 -0.26 2.86 100.98
1742868011.805717 11.369 -12.114 -0.1 -0.44 2.86 100.65
1701998435.808333370 11.442 -12.088 -0.1 1.83016e+07 1.75135e+07 1.39929e+07
1742868012.115730 11.57 -12.055 -0.1 0.05 2.86 100.63
1701998435.808333370 11.743 -11.994 -0.1 1.83016e+07 1.75135e+07 1.39929e+07
1742868012.635678 11.879 -11.962 -0.1 0.05 2.86 101.98
1742868012.915721 12.019 -11.969 -0.1 -0.07 2.86 102.08
980645236.1768700721 12.081 -11.946 -0.1 1.93771e+07 1.86984e+07 1.63501e+07
1742868013.175727 12.161 -11.912 -0.1 -0.09 2.86 101.86
1742868013.522048 12.38 -11.849 -0.1 0.13 2.86 102.79
1742868013.825691 12.518 -11.818 -0.1 0.13 2.86 103.12
1742868014.15725 12.616 -11.796 -0.1 0.07 2.86 103.15
1742868014.115720 12.655 -11.777 -0.1 0.11 2.86 103.1
1701998435.808333370 12.706 -11.793 -0.1 1.83016e+07 1.75135e+07 1.39929e+07
1742868014.415722 12.813 -11.743 -0.1 0.35 2.86 102.34
1701998435.808333370 13.043 -11.662 -0.1 1.83016e+07 1.75135e+07 1.39929e+07
1742868015.115718 13.282 -11.609 -0.1 0.14 2.86 102.48
1742868015.225677 13.301 -11.601 -0.1 0.01 2.86 102.66
1701998435.808333370 13.36 -11.591 -0.1 1.83016e+07 1.75135e+07 1.39929e+07
1742868015.815727 13.607 -11.562 -0.1 -0.31 2.86 102.26
1742868015.915729 13.621 -11.565 -0.1 0.09 2.86 101.4
980645236.1768700721 13.681 -11.556 -0.1 1.93771e+07 1.86984e+07 1.63501e+07
1742868016.315724 13.855 -11.5 -0.1 -0.53 2.86 97.46
1701998435.808333370 13.965 -11.456 -0.1 1.83016e+07 1.75135e+07 1.39929e+07
1742868016.915718 14.236 -11.43 -0.1 0.11 2.86 95.78
980645236.1768700721 14.288 -11.407 -0.1 1.93771e+07 1.86984e+07 1.63501e+07
1742868017.415721 14.521 -11.399 -0.1 0.2 2.86 95.85
1742868017.515720 14.563 -11.395 -0.1 0.37 2.86 95.55
1701998435.808333370 14.629 -11.392 -0.1 1.83016e+07 1.75135e+07 1.39929e+07
1742868018.25723 14.842 -11.375 -0.1 -0.51 2.86 91.53
1742868018.115752 14.895 -11.383 -0.1 -0.53 2.86 90.59
1742868018.222065 14.961 -11.37 -0.1 -0.71 2.86 89.75
1742868018.625715 15.219 -11.343 -0.1 -0.69 2.86 87.96
1701998435.808333370 15.279 -11.347 -0.1 1.83016e+07 1.75135e+07 1.39929e+07
1742868019.115752 15.498 -11.356 -0.1 -0.57 2.86 85.95
1742868019.215742 15.561 -11.332 -0.1 -0.85 2.86 85.8
1701998435.808333370 15.612 -11.343 -0.1 1.83016e+07 1.75135e+07 1.39929e+07
1742868019.715716 15.834 -11.33 -0.1 -0.75 2.86 84.96
1742868019.822163 15.916 -11.343 -0.1 -0.46 2.86 84.8
1701998435.808333370 16.22 -11.362 -0.1 1.83016e+07 1.75135e+07 1.39929e+07
1742868020.725693 16.475 -11.36 -0.1 -0.77 2.86 84.94
1701998435.808333370 16.532 -11.365 -0.1 1.83016e+07 1.75135e+07 1.39929e+07
1742868021.322062 16.849 -11.373 -0.1 -0.58 2.86 85.98
1742868021.822074 17.173 -11.376 -0.1 -0.71 2.86 87.29
1742868022.322068 17.505 -11.371 -0.097 -0.72 2.86 88.22
1742868022.822037 17.809 -11.375 -0.091 -0.45 2.86 89.68
1701998435.808333370 18.108 -11.353 -0.095 1.83016e+07 1.75135e+07 1.39929e+07
1701998435.808333370 18.413 -11.338 -0.074 1.83016e+07 1.75135e+07 1.39929e+07
1701998435.808333370 18.747 -11.281 -0.062 1.83016e+07 1.75135e+07 1.39929e+07
1742868024.722220 19.088 -11.207 -0.065 -0.09 2.86 99.16
1701998435.808333370 19.421 -11.163 -0.062 1.83016e+07 1.75135e+07 1.39929e+07
1701998435.808333370 19.724 -11.122 -0.039 1.83016e+07 1.75135e+07 1.39929e+07
1701998435.825110586 20.028 -11.053 -0.04 1.83016e+07 1.75135e+07 1.39929e+07
1742868026.715719 20.276 -10.993 -0.066 -0.03 2.86 99.85
1742868026.805718 20.311 -10.98 -0.054 -0.02 2.86 100.07
1701998435.808333370 20.375 -10.96 -0.068 1.83016e+07 1.75135e+07 1.39929e+07
1742868027.415661 20.485 -10.926 -0.084 -0.2 2.86 99.43
1742868027.515735 20.523 -10.956 -0.037 -0.24 2.86 99.3
1742868027.625717 20.574 -10.922 -0.088 -0.2 2.85 99.06
1742868027.715720 20.595 -10.954 -0.03 -0.32 2.86 98.78
1742868027.825720 20.604 -10.958 -0.045 0.38 2.86 98.46
1742868027.915758 20.636 -10.919 -0.049 -0.23 2.86 97.93
1742868028.15713 20.642 -10.947 -0.082 0.3 2.86 97.54
1742868028.115722 20.666 -10.926 -0.045 0.14 2.86 97.13
1701998435.808333370 20.693 -10.906 -0.073 1.83016e+07 1.75135e+07 1.39929e+07
1742868028.725721 20.719 -10.876 -0.051 -0.14 2.86 96.55
1742868028.815731 20.708 -10.884 -0.046 -0.17 2.86 96.48
1742868028.915735 20.708 -10.881 -0.05 -0.08 2.86 96.39
1742868029.15716 20.711 -10.884 -0.047 -0.07 2.86 96.28
1742868029.115733 20.714 -10.885 -0.048 -0.12 2.86 96.12
1742868029.215720 20.724 -10.894 -0.051 -0.01 2.86 95.92
1742868029.315728 20.736 -10.881 -0.044 -0.04 2.86 95.79
1742868029.415718 20.747 -10.876 -0.05 0 2.86 95.74
1742868029.515721 20.751 -10.879 -0.048 -0.06 2.86 95.75
1742868029.615728 20.75 -10.875 -0.049 -0.09 2.86 95.76
1742868029.715708 20.756 -10.87 -0.048 -0.1 2.86 95.78
1742868029.815782 20.752 -10.876 -0.047 -0.08 2.86 95.76
1742868029.915726 20.747 -10.873 -0.047 -0.05 2.86 95.77
1742868030.15728 20.75 -10.873 -0.044 -0.1 2.86 95.77
1742868030.115726 20.753 -10.879 -0.047 -0.12 2.86 95.73
1742868030.215725 20.753 -10.877 -0.048 -0.13 2.86 95.73
1742868030.315769 20.747 -10.873 -0.045 -0.12 2.86 95.74
1742868030.415720 20.753 -10.873 -0.047 -0.14 2.86 95.73
1742868030.515722 20.752 -10.876 -0.045 -0.15 2.86 95.74
1742868030.615731 20.751 -10.879 -0.044 -0.12 2.86 95.75
1742868030.715756 20.756 -10.876 -0.044 -0.14 2.86 95.74
1742868030.815727 20.75 -10.88 -0.047 -0.11 2.86 95.73
1742868030.915720 20.752 -10.876 -0.048 -0.12 2.86 95.73
1742868031.15735 20.744 -10.874 -0.047 -0.13 2.86 95.74
1742868031.115736 20.746 -10.876 -0.048 -0.1 2.86 95.73
1742868031.215764 20.749 -10.873 -0.046 -0.09 2.86 95.74
1742868031.325773 20.754 -10.874 -0.045 -0.11 2.86 95.74
1742868031.425739 20.751 -10.874 -0.047 -0.1 2.86 95.73
1742868031.515767 20.752 -10.878 -0.047 -0.09 2.86 95.73
1742868031.615732 20.752 -10.878 -0.045 -0.11 2.86 95.73
1742868031.715733 20.748 -10.877 -0.048 -0.1 2.86 95.74
1742868031.815715 20.751 -10.876 -0.045 -0.12 2.86 95.74
1742868031.915712 20.753 -10.876 -0.047 -0.13 2.86 95.73
1742868032.15728 20.754 -10.879 -0.047 -0.11 2.86 95.73
1742868032.115725 20.749 -10.879 -0.052 -0.11 2.86 95.73
1742868032.225727 20.747 -10.879 -0.047 -0.12 2.86 95.72
1742868032.325765 20.751 -10.878 -0.049 -0.09 2.86 95.73
1742868032.415718 20.753 -10.875 -0.046 -0.11 2.86 95.73
1742868032.515703 20.75 -10.872 -0.05 -0.08 2.86 95.73
1742868032.615731 20.752 -10.875 -0.043 -0.13 2.86 95.72
1742868032.715734 20.746 -10.875 -0.049 -0.08 2.86 95.73
1742868032.815720 20.752 -10.875 -0.049 -0.09 2.86 95.72
1742868032.915719 20.752 -10.876 -0.048 -0.07 2.86 95.71
1742868033.15742 20.754 -10.876 -0.047 -0.1 2.86 95.7
1742868033.115724 20.749 -10.873 -0.047 -0.07 2.86 95.73
1742868033.215723 20.753 -10.88 -0.048 -0.1 2.86 95.72
1742868033.315732 20.746 -10.875 -0.048 -0.06 2.86 95.71
1742868033.415738 20.742 -10.878 -0.047 -0.07 2.86 95.71
1742868033.515717 20.748 -10.87 -0.048 -0.02 2.86 95.71
1742868033.615729 20.744 -10.875 -0.047 -0.06 2.86 95.73
1742868033.725735 20.753 -10.878 -0.049 -0.03 2.86 95.7
1742868033.815734 20.745 -10.874 -0.048 -0.05 2.86 95.73
1742868033.915713 20.75 -10.875 -0.047 -0.06 2.86 95.72
1742868034.25692 20.744 -10.871 -0.047 -0.01 2.86 95.74
1742868034.125720 20.747 -10.874 -0.051 -0.05 2.86 95.73
1742868034.215716 20.749 -10.871 -0.045 -0.08 2.86 95.75
1742868034.315721 20.748 -10.874 -0.048 -0.05 2.86 95.73
1742868034.415731 20.75 -10.874 -0.045 -0.1 2.86 95.74
1742868034.515721 20.749 -10.876 -0.049 -0.08 2.86 95.73
1742868034.615727 20.747 -10.872 -0.051 -0.07 2.86 95.74
1742868034.715722 20.748 -10.878 -0.05 -0.04 2.86 95.74
1742868034.815724 20.748 -10.872 -0.045 -0.08 2.86 95.75
1742868034.915729 20.746 -10.871 -0.047 -0.04 2.86 95.75
1742868035.15717 20.749 -10.872 -0.049 -0.15 2.86 95.73
1742868035.115736 20.748 -10.875 -0.051 -0.05 2.86 95.69
1742868035.225686 20.743 -10.88 -0.039 -0.15 2.86 95.72
1742868035.315761 20.749 -10.88 -0.053 -0.09 2.86 95.71
1742868035.415723 20.745 -10.874 -0.049 -0.12 2.86 95.75
1742868035.515731 20.746 -10.88 -0.051 -0.06 2.86 95.73
1742868035.615732 20.743 -10.873 -0.049 -0.06 2.86 95.73
1742868035.715718 20.743 -10.88 -0.046 -0.05 2.86 95.73
1742868035.815728 20.751 -10.875 -0.048 0 2.86 95.74
1742868035.915723 20.748 -10.879 -0.048 -0.06 2.86 95.72
1742868036.15682 20.741 -10.875 -0.049 -0.05 2.86 95.72
1742868036.115683 20.738 -10.874 -0.046 0 2.86 95.73
1742868036.215721 20.75 -10.871 -0.048 -0.11 2.86 95.74
