1742868221.210805 20.043 -10.221 -0.427 -4.73 5.53 74.7
1742868221.320793 20.025 -10.223 -0.429 -4.71 5.79 74.93
1742868221.430780 20.007 -10.26 -0.431 -5.02 5.57 75.84
1742868221.620782 20.024 -10.238 -0.425 -4.55 6.12 75.34
1742868221.930802 20.07 -10.24 -0.424 -4.68 5.73 74.86
1742868222.20784 20.054 -10.234 -0.431 -4.93 5.55 75.04
1742868222.210802 20.016 -10.25 -0.428 -4.98 5.61 75.31
1742868222.310790 20.017 -10.236 -0.42 -4.42 5.68 74.91
1742868222.410782 20.009 -10.226 -0.423 -4.71 5.4 75.27
1742868222.510792 20.006 -10.241 -0.422 -4.54 5.1 75.2
1742868222.620794 20.015 -10.241 -0.431 -4.92 5.7 75.6
1742868222.720756 19.978 -10.255 -0.425 -4.69 5.82 75.76
1742868222.820792 20.008 -10.253 -0.439 -5.22 5.68 75.43
1742868222.920794 19.998 -10.234 -0.436 -5.05 5.58 75.76
1742868223.20780 20.013 -10.248 -0.44 -5.2 5.76 75.27
1742868223.220781 20.003 -10.238 -0.438 -5.27 5.96 75.42
1742868223.320795 20.013 -10.255 -0.432 -5.18 5.64 75.65
1742868223.510755 20.014 -10.248 -0.441 -5.31 5.9 75.44
1742868223.620782 20.024 -10.24 -0.431 -5.11 5.76 75.71
1742868223.810802 20.007 -10.239 -0.435 -5.94 5.84 75.68
1742868223.910754 20.009 -10.248 -0.44 -5.94 5.93 75.8
1742868224.110805 19.977 -10.253 -0.428 -5.5 5.79 75.85
1742868224.210786 20.032 -10.247 -0.429 -5.57 5.71 75.86
1742868224.310779 20.024 -10.246 -0.433 -6.1 5.26 75.95
1742868224.410807 20.066 -10.249 -0.435 -6.05 5.11 75.3
1742868224.510788 20.011 -10.233 -0.425 -6.27 5.01 75.84
1742868224.610793 20.071 -10.227 -0.431 -6.38 5.05 75.49
1742868224.710786 20.043 -10.242 -0.433 -6.22 4.88 75.75
1742868224.820790 20.039 -10.267 -0.444 -6.71 5.15 76.29
1742868224.910776 20.055 -10.271 -0.434 -6 4.85 75.97
1742868225.20813 20.083 -10.249 -0.433 -5.77 4.52 75.49
1742868225.120780 20.075 -10.262 -0.43 -5.75 5.24 75.44
1742868225.210801 20.045 -10.271 -0.444 -5.76 5.53 75.98
1742868225.310793 20.043 -10.25 -0.436 -5.82 5.61 75.92
1742868225.410797 20.003 -10.236 -0.445 -6 5.84 76.18
1742868225.510782 20.003 -10.232 -0.435 -5.8 5.83 76.14
1742868225.610788 19.985 -10.233 -0.445 -5.8 5.54 76.03
1742868225.710788 19.974 -10.233 -0.435 -5.34 5.42 75.85
1742868225.810805 19.963 -10.231 -0.447 -6.11 5.84 76.27
1742868225.920767 19.995 -10.228 -0.437 -5.5 5.72 75.73
1742868226.10749 19.979 -10.227 -0.441 -5.4 5.46 75.77
1742868226.110804 19.991 -10.222 -0.439 -5.52 5.93 75.75
1742868226.210793 19.959 -10.259 -0.44 -5.75 5.74 76.7
1742868226.320797 19.956 -10.25 -0.438 -5.69 5.83 76.55
1742868226.410776 19.969 -10.251 -0.433 -5.72 5.93 76.71
1742868226.520847 19.963 -10.248 -0.431 -5.27 5.61 76.65
1742868226.610830 19.974 -10.26 -0.449 -5.4 5.84 76.58
1742868226.710797 19.964 -10.255 -0.444 -5.57 5.71 76.37
1742868226.810780 19.965 -10.266 -0.443 -5.5 5.74 76.49
1742868226.920781 20.011 -10.237 -0.441 -5.77 5.93 76.23
1742868227.10776 19.991 -10.243 -0.444 -5.88 6.06 76.52
1742868227.120784 19.942 -10.257 -0.431 -5.08 5.63 76.57
1742868227.210777 19.936 -10.255 -0.443 -5.43 5.68 76.46
1742868227.310780 19.933 -10.266 -0.439 -5.72 5.92 76.83
1742868227.420785 19.959 -10.232 -0.442 -5.71 5.59 76.35
1742868227.510789 19.963 -10.235 -0.443 -5.84 5.53 76.83
1742868227.610745 19.958 -10.242 -0.442 -6.01 5.96 77.23
1742868227.720797 19.981 -10.233 -0.445 -6.02 6.01 77.21
1742868227.820803 19.982 -10.238 -0.44 -6.13 5.76 77.38
1742868227.920781 19.982 -10.242 -0.433 -5.43 5.52 76.64
1742868228.10783 19.981 -10.243 -0.44 -5.58 5.35 76.85
1742868228.120796 20.005 -10.226 -0.443 -6.36 5.73 76.99
1742868228.210810 19.998 -10.222 -0.44 -6.05 5.7 76.65
1742868228.310782 19.967 -10.222 -0.438 -5.64 5.28 77.25
1742868228.410799 19.988 -10.228 -0.431 -5.57 5.24 77.06
1742868228.520817 19.99 -10.229 -0.44 -5.89 5.8 77.13
1742868228.620798 20 -10.214 -0.436 -5.73 5.58 76.96
1742868228.710792 19.991 -10.242 -0.447 -6.37 5.71 77.33
1742868228.810782 19.982 -10.226 -0.443 -5.99 5.59 77.26
1742868228.910795 19.955 -10.221 -0.436 -5.66 5.6 77.23
1742868229.10775 19.944 -10.229 -0.438 -5.5 5.37 76.65
1742868229.120804 19.95 -10.226 -0.436 -5.61 5.48 77.19
1742868229.210810 19.946 -10.225 -0.438 -5.69 5.65 76.94
1742868229.310779 19.94 -10.235 -0.437 -5.76 5.66 77.15
1742868229.420798 19.926 -10.245 -0.442 -5.92 5.78 77.64
1742868229.510778 19.874 -10.245 -0.438 -5.63 5.75 77.68
1742868229.610793 19.908 -10.232 -0.451 -6.29 5.58 78.05
1742868229.710780 19.911 -10.24 -0.447 -6.08 5.74 78.1
1742868229.830783 19.933 -10.232 -0.445 -6.2 5.78 77.73
1742868229.910773 19.91 -10.244 -0.438 -6.05 5.52 78.15
1742868230.10781 19.914 -10.239 -0.443 -5.96 5.18 78.44
1742868230.120780 19.893 -10.243 -0.437 -5.84 5.6 78.16
1742868230.220812 19.881 -10.244 -0.447 -5.97 5.23 78.71
1742868230.310796 19.869 -10.248 -0.443 -5.76 4.94 78.53
1742868230.420780 19.979 -10.228 -0.439 -5.96 5.03 77.79
1742868230.510782 19.977 -10.265 -0.451 -5.75 5.73 78.54
1742868230.610787 19.983 -10.246 -0.443 -5.58 5.16 79.24
1742868230.710787 19.888 -10.307 -0.443 -5.51 5.62 82.03
1742868230.810784 19.96 -10.223 -0.44 -5.39 4.94 81.37
1742868230.910761 19.923 -10.146 -0.465 -5.94 4.78 80.27
1742868231.10794 19.85 -10.116 -0.455 -5.81 4.89 80.87
1742868231.120783 19.707 -10.187 -0.453 -5.86 5.4 82.58
1742868231.220785 19.688 -10.235 -0.464 -5.86 5.33 82.27
1742868231.320795 19.652 -10.187 -0.469 -6.27 5.16 81.37
1742868231.420783 19.642 -10.193 -0.47 -6.03 5.18 80.92
1742868231.520795 19.403 -10.245 -0.454 -5.41 5.55 82.71
1742868231.610793 19.404 -10.214 -0.47 -5.85 5.93 81.92
1742868231.710780 19.395 -10.219 -0.472 -5.56 5.77 82.33
1742868231.810832 19.382 -10.172 -0.483 -6.26 6.05 82.36
1742868231.910791 19.395 -10.066 -0.501 -6.27 5.4 82.19
1742868232.10789 19.386 -10.051 -0.498 -6.22 4.89 82.04
1742868232.110787 19.354 -10.02 -0.507 -6.59 5.23 81.94
1742868232.210809 19.356 -10.065 -0.523 -7.07 5.55 82
1742868232.310791 19.336 -10.069 -0.521 -6.54 5.77 81.95
1742868232.420814 19.313 -10.031 -0.508 -5.91 5.05 81.37
1742868232.520800 19.273 -10.026 -0.51 -5.96 5.53 81.69
1742868232.620788 19.179 -10.023 -0.509 -5.56 5.19 83.49
1742868232.710770 19.148 -10.009 -0.502 -5.45 5.11 83.34
1742868232.810791 19.156 -10.023 -0.501 -5.6 4.98 82.99
1742868232.910783 19.138 -10.002 -0.504 -5.6 5.28 82.12
1742868233.10808 19.127 -9.97 -0.514 -5.57 4.84 81.84
1742868233.110798 19.134 -9.956 -0.509 -5.54 4.88 81.55
1742868233.210790 19.12 -9.958 -0.51 -5.53 5.01 81.84
1742868233.310792 19.111 -9.992 -0.522 -5.48 5.72 81.98
1742868233.410782 19.134 -9.976 -0.531 -5.56 5.19 82.02
1742868233.510792 19.15 -9.94 -0.542 -5.94 5.33 81.83
1742868233.610795 19.113 -9.949 -0.527 -5.61 4.75 81.78
1742868233.710822 19.115 -9.958 -0.512 -5 4.93 81.86
1742868233.810784 19.133 -9.939 -0.528 -5.51 4.72 81.44
1742868233.910794 19.116 -9.945 -0.52 -5.12 4.98 81.79
1742868234.10755 19.131 -9.947 -0.507 -5.1 4.69 81.71
1742868234.110798 19.149 -9.949 -0.519 -5.51 4.86 81.71
1742868234.210793 19.139 -9.956 -0.507 -5.07 4.96 81.92
1742868234.310815 19.154 -9.919 -0.515 -5.37 4.38 81.51
1742868234.410789 19.176 -9.903 -0.506 -5.15 4.62 81.18
1742868234.510795 19.126 -9.901 -0.484 -4.15 4.71 81.22
1742868234.610805 19.139 -9.896 -0.5 -4.93 4.34 81.17
1742868234.710800 19.119 -9.861 -0.468 -4.09 4.33 80.69
1742868234.810830 19.101 -9.862 -0.451 -3.78 3.79 80.74
1742868234.910809 19.097 -9.857 -0.457 -3.53 4.47 80.43
1742868235.10797 19.075 -9.913 -0.46 -3.53 4.57 80.78
1742868235.120813 19.066 -9.868 -0.448 -3.45 4.51 80.64
1742868235.210788 19.044 -9.903 -0.469 -4.09 4.3 80.84
1742868235.310763 19.027 -9.909 -0.478 -4.27 4.4 81.21
1742868235.400778 19.044 -9.888 -0.454 -3.66 4.48 80.94
1742868235.510805 19.055 -9.913 -0.468 -4.14 4.15 81.27
1742868235.610794 19.043 -9.908 -0.48 -4.04 4.53 81.2
1742868235.710823 19.015 -9.879 -0.464 -3.82 4.73 81.01
1742868235.810818 19.052 -9.873 -0.468 -4.08 4.59 80.59
1742868235.910786 19.052 -9.937 -0.471 -4.04 4.49 81.47
1742868236.812 18.843 -9.938 -0.474 -3.87 5.12 82.59
1742868236.120794 18.865 -9.906 -0.469 -3.76 5.41 81.97
1742868236.210795 18.882 -9.935 -0.487 -4.08 5.32 82.34
1742868236.310808 19.114 -9.915 -0.504 -5.25 4.94 81.35
1742868236.410836 19.131 -9.978 -0.52 -5.92 5.34 81.63
1742868236.510791 19.113 -9.981 -0.518 -5.9 5.56 81.95
1742868236.610796 19.142 -10.049 -0.513 -5.92 5.58 82.71
1742868236.710804 19.204 -10.05 -0.504 -5.82 5.48 83.4
1742868236.810781 19.19 -10.09 -0.504 -5.87 5.89 83.52
1742868236.910789 19.186 -10.121 -0.52 -6.2 5.98 83.58
1742868237.20781 19.234 -10.107 -0.514 -6.06 5.27 83.41
1742868237.110789 19.357 -10.077 -0.508 -6.18 5.1 81.91
1742868237.210807 19.367 -10.042 -0.517 -6.73 5.52 81.92
1742868237.310796 19.384 -10.036 -0.492 -6.22 5.23 82.78
1742868237.410831 19.388 -10.079 -0.48 -5.64 5.32 83.4
1742868237.510789 19.417 -10.08 -0.459 -4.64 5.32 84.24
1742868237.610790 19.43 -10.084 -0.463 -4.88 4.97 84.21
1742868237.720796 19.462 -10.099 -0.46 -4.61 4.94 84.93
1742868237.820791 19.481 -10.136 -0.469 -4.95 4.95 85.07
1742868237.910831 19.523 -10.129 -0.462 -4.56 4.96 84.85
1742868238.20803 19.529 -10.14 -0.471 -5.75 5.48 85.05
1742868238.110776 19.556 -10.13 -0.464 -5.95 5.16 85.1
1742868238.220783 19.586 -10.161 -0.464 -5.97 5.12 84.64
1742868238.310780 19.705 -10.149 -0.463 -6.1 4.95 82.5
1742868238.420816 19.661 -10.209 -0.454 -6.05 6.14 81.46
1742868238.520802 19.654 -10.243 -0.448 -5.84 6.25 81.61
1742868238.610814 19.709 -10.316 -0.437 -5.82 6.27 81.39
1742868238.720782 19.703 -10.306 -0.449 -5.72 6.07 81.53
1742868238.810793 19.704 -10.292 -0.444 -5.32 5.86 82.13
1742868238.920789 19.724 -10.288 -0.444 -5.64 5.9 82.26
1742868239.20783 19.717 -10.283 -0.446 -5.8 6.21 82.43
1742868239.120825 19.714 -10.276 -0.453 -5.48 5.9 82.14
1742868239.220796 19.755 -10.256 -0.449 -4.98 5.64 81.48
1742868239.320783 19.77 -10.281 -0.443 -5.57 5.48 80.62
1742868239.420788 19.929 -10.2 -0.449 -5.72 5.88 77.67
1742868239.510774 19.933 -10.246 -0.454 -6.14 5.71 76.96
1742868239.610829 19.95 -10.236 -0.444 -5.35 5.04 76.39
1742868239.720782 19.962 -10.261 -0.45 -5.91 5.4 77.21
1742868239.810792 19.976 -10.256 -0.433 -5.29 5.3 76.65
1742868239.910787 19.982 -10.259 -0.454 -5.47 5.81 76.19
1742868240.20819 20 -10.268 -0.449 -5.1 6.04 75.13
1742868240.120781 20.023 -10.276 -0.444 -5 6.06 74.95
1742868240.220848 20.042 -10.29 -0.451 -4.68 6.68 73.31
1742868240.310772 20.031 -10.283 -0.437 -4.4 6.39 73.84
1742868240.430786 20.056 -10.294 -0.44 -4.24 6.57 73.23
1742868240.510786 20.054 -10.277 -0.443 -4.37 6.29 73.55
1742868240.620793 20.028 -10.309 -0.448 -4.97 6.41 74.14
1742868240.720836 20.024 -10.295 -0.439 -4.48 6.48 73.85
1742868240.810780 20.031 -10.299 -0.446 -4.33 6.62 73.61
1742868240.920796 20.028 -10.299 -0.444 -4.87 6.85 74.03
1742868241.10789 20.032 -10.303 -0.45 -4.71 6.8 73.67
1742868241.120798 20.034 -10.295 -0.442 -4.39 6.55 73.42
1742868241.220786 20.028 -10.288 -0.442 -4.4 6.64 73.78
1742868241.310809 20.032 -10.288 -0.439 -4.12 6.21 73.67
1742868241.420802 20.018 -10.293 -0.44 -4.46 6.32 73.95
1742868241.520782 20.034 -10.29 -0.444 -4.52 6.46 73.89
1742868241.610833 20.038 -10.285 -0.436 -4.17 6.29 73.75
1742868241.720817 20.044 -10.295 -0.434 -4.31 6.55 73.47
1742868241.820783 20.049 -10.271 -0.445 -4.28 6.6 73.17
1742868241.920796 20.049 -10.302 -0.451 -4.88 6.17 73.81
1742868242.20783 20.032 -10.307 -0.447 -4.81 6.25 73.81
1742868242.120800 20.034 -10.315 -0.455 -5.03 6.64 73.38
1742868242.210789 20.04 -10.288 -0.439 -4.31 6.77 72.92
1742868242.310793 20.064 -10.281 -0.435 -3.92 7.1 72.29
1742868242.410777 20.068 -10.285 -0.437 -3.93 7.39 72.05
1742868242.520782 20.084 -10.285 -0.438 -3.71 7.39 71.92
1742868242.620780 20.073 -10.287 -0.449 -4.4 7.13 72.23
1742868242.720774 20.094 -10.297 -0.441 -4.09 6.98 71.82
1742868242.820784 20.061 -10.292 -0.423 -3.73 7.48 71.06
1742868242.920834 20.046 -10.274 -0.424 -3.84 7.64 69.96
1742868243.20781 20.079 -10.243 -0.419 -4.09 7.67 68.66
1742868243.130778 20.205 -10.271 -0.415 -3.27 8.15 68.6
1742868243.220846 20.251 -10.25 -0.403 -2.66 7.67 68.27
1742868243.320803 20.253 -10.27 -0.403 -3.16 7.95 68.06
1742868243.520785 20.183 -10.267 -0.402 -3.68 7.79 68.93
1742868243.710777 20.181 -10.27 -0.4 -2.95 8.06 68.59
1742868243.810796 20.182 -10.266 -0.409 -3.29 7.99 68.36
1742868243.920784 20.183 -10.27 -0.413 -3.45 8.08 68.59
1742868244.110792 20.19 -10.28 -0.413 -3.25 8.31 68.47
1742868244.220781 20.159 -10.284 -0.398 -2.94 8.24 68.42
1742868244.320790 20.153 -10.28 -0.393 -2.9 8.03 68.49
1742868244.420780 20.166 -10.274 -0.406 -3.48 8.23 68.46
1742868244.520811 20.154 -10.277 -0.406 -3.87 7.93 68.72
1742868244.720802 20.181 -10.276 -0.399 -3.22 7.94 68.68
1742868244.820783 20.185 -10.263 -0.397 -3.3 7.66 68.85
1742868244.920797 20.159 -10.28 -0.407 -3.94 7.81 68.94
1742868245.20791 20.161 -10.27 -0.415 -3.79 7.6 68.74
1742868245.120818 20.159 -10.268 -0.411 -4.05 7.68 68.89
1742868245.220795 20.165 -10.275 -0.413 -3.78 7.72 68.63
1742868246.10797 20.175 -10.284 -0.407 -3.48 8.2 68.91
1742868246.110783 20.179 -10.293 -0.406 -3.62 7.97 68.7
1742868246.310789 20.192 -10.273 -0.41 -3.37 8.12 68.72
1742868246.510803 20.185 -10.271 -0.404 -3.42 7.91 68.62
1742868246.620760 20.196 -10.271 -0.399 -3.13 8.1 68.59
1742868246.720781 20.192 -10.273 -0.406 -3.4 8.1 68.53
1742868246.820787 20.181 -10.273 -0.399 -3.03 7.87 68.65
1742868246.920792 20.167 -10.272 -0.403 -3.03 7.95 68.64
1742868247.20781 20.162 -10.282 -0.402 -3.18 8.08 68.71
1742868247.120766 20.184 -10.268 -0.409 -3.27 8.01 68.46
1742868247.210778 20.214 -10.262 -0.407 -3.62 8.05 68.29
1742868247.320786 20.279 -10.264 -0.401 -3.54 7.89 68.39
1742868247.420782 20.263 -10.253 -0.406 -3.74 7.87 68.34
1742868247.510791 20.253 -10.259 -0.402 -3.51 7.88 68.38
1742868247.620796 20.262 -10.235 -0.398 -3.14 7.55 68.06
1742868247.720796 20.252 -10.249 -0.41 -3.24 8.05 68.38
1742868247.810781 20.252 -10.268 -0.411 -3.34 8.03 68.42
1742868247.920783 20.241 -10.271 -0.399 -3.34 7.89 68.6
1742868248.10825 20.265 -10.257 -0.424 -3.78 7.85 68.39
1742868248.120783 20.253 -10.249 -0.408 -3.72 7.6 68.16
1742868248.220797 20.238 -10.263 -0.418 -4 7.71 68.58
1742868248.330835 20.182 -10.254 -0.418 -3.87 7.4 68.98
1742868248.520785 20.113 -10.273 -0.413 -4.2 7.37 69.3
1742868248.610789 20.078 -10.272 -0.422 -4.53 7.2 69.53
1742868248.720776 20.131 -10.27 -0.413 -4.1 7.46 69.2
1742868248.820785 20.129 -10.265 -0.419 -3.94 7.61 69.26
1742868248.920802 20.114 -10.271 -0.405 -3.77 7.71 69.24
1742868249.20774 20.13 -10.272 -0.437 -4.31 7.57 69.35
1742868249.120789 20.117 -10.269 -0.423 -4.31 7.6 69.11
1742868249.220782 20.112 -10.246 -0.41 -4.09 7.41 68.97
1742868249.320797 20.044 -10.256 -0.419 -4.03 7.72 69.12
1742868249.420784 20.046 -10.26 -0.417 -3.67 7.86 69.24
1742868249.520796 20.058 -10.262 -0.404 -3.68 7.9 69.24
1742868249.620789 20.037 -10.249 -0.407 -3.93 7.75 69.27
1742868249.720818 20.048 -10.248 -0.405 -3.65 7.88 69.25
1742868249.820787 20.09 -10.255 -0.404 -4.15 7.32 69.26
1742868249.920787 20.134 -10.255 -0.4 -3.25 7.93 69.42
1742868250.20782 20.158 -10.25 -0.411 -3.32 8.08 68.95
1742868250.120787 20.161 -10.257 -0.401 -3.36 7.95 69.03
1742868250.220800 20.176 -10.244 -0.398 -3.3 7.74 69.21
1742868250.320789 20.159 -10.253 -0.4 -3.6 7.81 69.16
1742868250.420807 20.161 -10.257 -0.409 -3.78 7.94 69.23
1742868250.520787 20.186 -10.246 -0.403 -3.75 7.73 69
1742868250.620830 20.17 -10.263 -0.404 -3.79 7.82 69.17
1742868250.720762 20.184 -10.252 -0.409 -3.49 7.84 69.11
1742868250.820797 20.181 -10.258 -0.408 -3.2 7.71 69.11
1742868250.920784 20.163 -10.253 -0.405 -3.34 7.7 69.14
1742868251.30799 20.179 -10.259 -0.422 -4.05 7.92 69.14
1742868251.120830 20.175 -10.268 -0.423 -4.13 7.79 69.33
1742868251.220800 20.166 -10.267 -0.414 -4.03 7.93 69
1742868251.320786 20.161 -10.254 -0.408 -3.65 7.56 68.93
1742868251.420807 20.165 -10.247 -0.408 -4.02 7.43 68.9
1742868251.520783 20.176 -10.251 -0.414 -3.75 7.85 68.75
1742868251.620818 20.179 -10.26 -0.401 -3.14 7.74 68.88
1742868251.720785 20.186 -10.264 -0.413 -3.85 7.82 69.11
1742868251.820784 20.185 -10.263 -0.411 -4.09 7.82 69.27
1742868251.920797 20.177 -10.268 -0.409 -3.69 7.62 69.21
1742868252.20816 20.118 -10.269 -0.401 -3.06 8.06 69.33
1742868252.120784 20.12 -10.262 -0.417 -4.33 7.96 69.32
1742868252.220788 20.137 -10.255 -0.414 -4.37 7.77 69.25
1742868252.320798 20.12 -10.272 -0.41 -4 7.53 69.25
1742868252.420780 20.105 -10.261 -0.42 -4.18 7.74 69.13
1742868252.510812 20.107 -10.268 -0.406 -3.74 7.49 69.03
1742868252.620784 20.161 -10.242 -0.414 -3.74 7.76 68.34
1742868252.720830 20.157 -10.255 -0.419 -4.02 7.72 68.72
1742868252.820799 20.161 -10.241 -0.409 -3.42 7.98 68.26
1742868252.920762 20.161 -10.251 -0.404 -2.96 8.28 68.57
1742868253.20790 20.153 -10.267 -0.413 -3.29 8.18 68.45
1742868253.120796 20.152 -10.263 -0.411 -3.46 8.18 68.58
1742868253.220756 20.146 -10.271 -0.413 -3.35 8.24 68.63
1742868253.320789 20.154 -10.264 -0.423 -3.76 8.11 68.4
1742868253.420824 20.14 -10.243 -0.41 -3.42 7.97 68.37
1742868253.520795 20.124 -10.23 -0.416 -3.46 7.98 68.33
1742868253.630793 20.153 -10.243 -0.426 -3.37 8.15 68.34
1742868253.730791 20.126 -10.241 -0.421 -3.41 8.21 68.34
1742868253.820824 20.149 -10.238 -0.427 -3.58 8.18 68.15
1742868253.920803 20.136 -10.243 -0.425 -3.55 7.98 68.28
1742868254.10793 20.042 -10.229 -0.427 -4.22 7.72 68.67
1742868254.120787 20.022 -10.246 -0.425 -3.97 7.84 68.8
1742868254.220785 20.017 -10.252 -0.433 -4.22 7.86 68.68
1742868254.320823 20.015 -10.242 -0.431 -4.12 7.75 68.66
1742868254.420785 20.018 -10.245 -0.436 -4.08 7.71 68.68
1742868254.520809 20.003 -10.244 -0.436 -4.4 7.73 68.85
1742868254.620823 20.019 -10.242 -0.429 -4.14 7.89 68.63
1742868254.720787 20.027 -10.233 -0.434 -4.09 7.93 68.69
1742868254.820768 20.044 -10.229 -0.446 -4.41 8.01 68.35
1742868254.920811 20.046 -10.205 -0.428 -4.13 7.54 68.3
1742868255.20792 20.042 -10.231 -0.439 -4.08 7.79 68.17
1742868255.120804 20.067 -10.218 -0.444 -4.16 7.65 68.08
1742868255.220771 20.055 -10.235 -0.438 -4.17 7.73 68.28
1742868255.320797 20.065 -10.226 -0.442 -4.48 7.59 68.2
1742868255.420763 20.075 -10.222 -0.436 -4.23 7.69 68.16
1742868255.520789 20.086 -10.217 -0.44 -3.98 7.73 67.99
1742868255.620788 20.06 -10.217 -0.444 -4.33 7.83 67.95
1742868255.720781 20.071 -10.219 -0.445 -4.01 7.88 67.94
1742868255.820762 20.056 -10.223 -0.438 -4.27 7.82 68.23
1742868255.920785 20.055 -10.222 -0.442 -4.4 7.81 68.19
1742868256.20821 20.051 -10.23 -0.437 -4.08 7.78 68.28
1742868256.120739 20.059 -10.213 -0.435 -4.16 7.65 68.08
1742868256.220813 20.041 -10.211 -0.427 -4.08 7.85 68.45
1742868256.320788 20.058 -10.223 -0.436 -4.16 8.03 68.35
1742868256.420789 20.049 -10.214 -0.43 -4 7.87 68.3
1742868256.520795 20.058 -10.229 -0.435 -4.23 7.91 68.15
1742868256.620802 20.044 -10.231 -0.429 -4.03 8.01 68.49
1742868256.720747 20.053 -10.216 -0.449 -4.32 7.8 68.33
1742868256.820789 20.051 -10.227 -0.441 -4.01 7.96 68.24
1742868256.920794 20.078 -10.223 -0.449 -4.39 7.87 68.02
1742868257.20792 20.057 -10.238 -0.448 -4.14 7.84 68.25
1742868257.120784 20.058 -10.223 -0.439 -4.08 7.82 68.28
1742868257.220813 20.083 -10.215 -0.433 -4.17 7.71 68.04
1742868257.320817 20.113 -10.218 -0.435 -4.17 7.93 67.96
1742868257.420787 20.147 -10.229 -0.44 -4.14 8.06 68.04
1742868257.520838 20.158 -10.223 -0.432 -4.05 7.83 68.01
1742868257.620785 20.159 -10.217 -0.439 -4.09 7.68 67.86
1742868257.720790 20.139 -10.234 -0.429 -4.04 7.94 68.29
1742868257.820801 20.164 -10.228 -0.431 -3.97 7.88 67.89
1742868257.920798 20.174 -10.242 -0.435 -4.16 8.25 67.73
1742868258.11267 20.204 -10.233 -0.433 -3.8 8.23 67.77
1742868258.120811 20.221 -10.242 -0.424 -3.98 8.12 67.53
1742868258.220789 20.212 -10.238 -0.43 -4.46 7.96 67.42
1742868258.320785 20.231 -10.222 -0.43 -3.88 7.91 67.45
1742868258.420784 20.233 -10.218 -0.441 -4.37 7.75 67.28
1742868258.510787 20.22 -10.219 -0.428 -4.05 7.79 67.51
1742868258.620765 20.146 -10.25 -0.43 -3.83 8.38 68.14
1742868258.710732 20.146 -10.252 -0.43 -3.94 8.22 68
1742868258.820791 20.182 -10.226 -0.428 -4.13 7.95 67.76
1742868258.930804 20.168 -10.227 -0.44 -4.35 7.84 67.9
1742868259.20778 20.151 -10.242 -0.447 -4.21 7.95 68.15
1742868259.120835 20.13 -10.241 -0.43 -3.78 8.16 68.19
1742868259.220802 20.11 -10.238 -0.434 -4.28 8.03 68.19
1742868259.320788 20.18 -10.239 -0.417 -3.56 8.37 67.78
1742868259.420805 20.187 -10.237 -0.427 -4.01 8.14 67.63
1742868259.520758 20.192 -10.244 -0.431 -4.09 8.32 67.71
1742868259.620810 20.215 -10.21 -0.435 -4.21 8.23 67.2
1742868259.720827 20.207 -10.22 -0.438 -4.4 8.16 67.24
1742868259.820801 20.211 -10.214 -0.434 -4.06 8.09 66.94
1742868259.920792 20.196 -10.221 -0.429 -4.18 7.81 67.13
1742868260.20797 20.197 -10.213 -0.419 -3.83 7.9 67.31
1742868260.120796 20.173 -10.2 -0.439 -4.01 7.68 67.57
1742868260.220790 20.103 -10.196 -0.419 -3.64 7.62 67.38
1742868260.320791 20.035 -10.194 -0.443 -4.29 7.63 67.91
1742868260.420786 19.997 -10.196 -0.447 -4.44 7.34 68.02
1742868260.520784 19.979 -10.21 -0.453 -4.79 7.32 68.38
1742868260.620756 20.01 -10.185 -0.442 -4.08 7.47 67.94
1742868260.720786 20.031 -10.182 -0.453 -4.06 7.16 67.85
1742868260.820799 20.033 -10.19 -0.453 -4.2 7.32 67.97
1742868260.920804 20.028 -10.178 -0.43 -4.02 7.61 67.76
1742868261.20802 19.973 -10.21 -0.426 -3.88 7.71 68.41
1742868261.120789 19.991 -10.222 -0.435 -4.52 7.85 68.26
1742868261.220817 19.986 -10.218 -0.435 -4.26 7.63 68.61
1742868261.320766 20.029 -10.243 -0.419 -4.27 6.98 69.16
1742868261.420834 20.026 -10.245 -0.431 -4.47 7.31 69.08
1742868261.510790 20.022 -10.247 -0.413 -3.9 7.29 69.36
1742868261.620814 20.055 -10.237 -0.424 -3.88 7.71 69.32
1742868261.720812 20.151 -10.265 -0.412 -3.66 7.95 69.27
1742868261.830803 20.139 -10.302 -0.404 -3.33 8.2 69.91
1742868261.920826 20.153 -10.307 -0.404 -3.38 8.12 69.93
1742868262.20785 20.196 -10.32 -0.403 -3.68 7.97 70.22
1742868262.120791 20.22 -10.36 -0.404 -3.74 7.89 70.99
1742868262.220801 20.243 -10.347 -0.412 -3.73 7.89 71.4
1742868262.320834 20.347 -10.362 -0.405 -4.07 8.07 71.11
1742868262.420808 20.361 -10.336 -0.4 -3.55 7.74 70.78
1742868262.520820 20.37 -10.327 -0.405 -3.91 7.04 70.39
1742868262.620781 20.344 -10.333 -0.384 -3.29 7.6 70.1
1742868262.720784 20.371 -10.344 -0.379 -2.83 7.6 69.42
1742868262.820781 20.425 -10.345 -0.374 -3.31 7.68 68.13
1742868262.920839 20.503 -10.394 -0.386 -3.28 7.94 66.84
1742868263.20758 20.514 -10.401 -0.379 -3.7 7.58 66.22
1742868263.120795 20.505 -10.411 -0.377 -3.31 7.53 66.37
1742868263.220793 20.538 -10.444 -0.381 -3.78 7.57 66.29
1742868263.320786 20.535 -10.455 -0.371 -3.77 7.48 66.85
1742868263.420750 20.56 -10.456 -0.361 -3.29 6.99 67.89
1742868263.520824 20.643 -10.461 -0.337 -2.22 7.3 68.2
1742868263.620794 20.689 -10.483 -0.33 -1.85 6.82 67.99
1742868263.720781 20.74 -10.511 -0.33 -2.26 7.1 68.04
1742868263.820799 20.767 -10.53 -0.325 -2.14 6.67 67.33
1742868263.920794 20.809 -10.589 -0.342 -2.64 7.36 66.64
1742868264.10779 20.812 -10.573 -0.308 -1.96 6.75 66.62
1742868264.130816 20.852 -10.575 -0.31 -1.44 6.71 66.31
1742868264.230831 20.926 -10.601 -0.317 -2.27 6.53 67.02
1742868264.320830 20.983 -10.639 -0.318 -1.98 6.89 67.12
1742868264.420797 21.102 -10.696 -0.309 -2.05 6.74 67.53
1742868264.520785 21.159 -10.716 -0.307 -2.2 6.55 67.68
1742868264.620832 21.26 -10.742 -0.297 -1.9 6.17 68.59
1742868264.720793 21.285 -10.757 -0.294 -2.08 6 69.39
1742868264.820797 21.328 -10.728 -0.298 -2.01 6.1 68.14
1742868264.920782 21.332 -10.718 -0.291 -1.79 6.08 67.85
1742868265.20796 21.378 -10.747 -0.284 -1.99 5.76 67.52
1742868265.120756 21.38 -10.801 -0.29 -2.19 6.43 68.53
1742868265.220836 21.397 -10.806 -0.284 -2.29 6.24 68.51
1742868265.320782 21.406 -10.809 -0.28 -1.82 5.64 68.48
1742868265.420792 21.514 -10.846 -0.284 -2.11 5.81 69.62
1742868265.520786 21.554 -10.841 -0.282 -1.74 6.01 69.15
1742868265.620798 21.576 -10.843 -0.273 -1.78 5.63 68.78
1742868265.720791 21.59 -10.865 -0.266 -1.77 5.82 69.41
1742868265.820853 21.586 -10.876 -0.274 -1.21 6.25 70.12
1742868265.920828 21.641 -10.925 -0.276 -1.63 6.19 70.83
1742868266.20774 21.703 -10.95 -0.27 -1.67 5.89 70.91
1742868266.120816 21.728 -10.912 -0.268 -1.75 5.45 70.47
1742868266.220783 21.739 -10.922 -0.267 -1.63 5.56 70.35
1742868266.320786 21.78 -10.901 -0.265 -1.34 5.92 69.78
1742868266.420781 21.852 -10.943 -0.256 -1.37 5.57 69.2
1742868266.520795 21.909 -10.974 -0.251 -1.93 5.63 69.74
1742868266.620792 22.024 -11.021 -0.256 -1.75 5.35 71.53
1742868266.720804 22.054 -11.029 -0.271 -1.96 5.78 72.03
1742868266.830802 22.069 -11.028 -0.268 -1.98 5.82 72.08
1742868266.930808 22.108 -11.036 -0.262 -1.49 5.31 72.55
1742868267.20828 22.188 -11.037 -0.252 -1.36 5.63 73.32
1742868267.620822 22.381 -11.086 -0.242 -1.46 5.19 72.85
1742868267.730802 22.42 -11.094 -0.236 -1.41 5.04 72.52
1742868267.830803 22.486 -11.054 -0.235 -1.53 4.65 71.91
1742868268.320797 22.695 -11.175 -0.242 -1.45 4.72 73.88
1742868268.420782 22.702 -11.164 -0.233 -1.28 5.31 74.03
1742868268.520783 22.737 -11.173 -0.237 -1.36 5.14 73.9
1742868268.620821 22.771 -11.164 -0.236 -1.35 5.08 73.1
1742868268.730804 22.8 -11.19 -0.233 -1.8 5.19 72.75
1742868268.930795 22.857 -11.27 -0.228 -1.71 5.3 72.52
1742868269.30791 22.915 -11.291 -0.225 -1.56 5.43 72.47
1742868269.220863 22.962 -11.29 -0.231 -1.45 5.38 72.21
1742868269.320801 22.946 -11.303 -0.222 -1.64 5.31 71.41
1742868269.430786 22.972 -11.29 -0.214 -1.8 5.22 71.62
1742868269.530797 23.017 -11.3 -0.217 -1.97 4.7 71.32
1742868269.650794 23.108 -11.314 -0.218 -1.71 5.05 73.39
1742868269.730796 23.157 -11.321 -0.219 -1.65 4.99 73.37
1742868269.920797 23.205 -11.381 -0.218 -1.94 4.63 72.68
1742868270.20796 23.194 -11.367 -0.222 -1.81 5.21 71.98
1742868270.120798 23.217 -11.354 -0.216 -1.67 4.84 71.48
1742868270.220781 23.192 -11.365 -0.208 -1.75 4.75 70.14
1742868270.420786 23.293 -11.389 -0.212 -2 5.13 69.84
1742868270.520782 23.369 -11.424 -0.215 -2.34 4.98 71.34
1742868270.820776 23.437 -11.458 -0.213 -1.88 4.8 73.28
1742868270.920784 23.44 -11.452 -0.208 -1.89 4.98 73.42
1742868271.20775 23.461 -11.469 -0.206 -1.71 4.4 73.54
1742868271.120795 23.511 -11.445 -0.216 -1.84 4.47 72.83
1742868271.230804 23.646 -11.471 -0.207 -2.45 4.69 73.23
1742868271.320782 23.725 -11.493 -0.212 -2.34 4.4 73.65
1742868271.420787 23.801 -11.506 -0.2 -2.35 4.99 73.38
1742868271.520780 23.807 -11.551 -0.196 -1.93 4.36 73.64
1742868271.630755 23.849 -11.552 -0.189 -1.61 5.13 74.41
1742868271.720781 23.902 -11.559 -0.196 -1.63 4.71 74.67
1742868271.820792 23.961 -11.57 -0.193 -1.67 5.38 75.29
1742868271.920796 24 -11.559 -0.198 -1.94 5.79 75.43
1742868272.20784 24.014 -11.583 -0.196 -1.61 5.74 76.09
1742868272.120786 24.047 -11.582 -0.198 -1.82 5.07 76.52
1742868272.240791 24.081 -11.598 -0.191 -1.68 5.41 76.71
1742868272.430807 24.233 -11.709 -0.191 -1.63 5.45 78.32
1742868272.510825 24.241 -11.704 -0.183 -1.62 5.88 76.98
1742868272.630766 24.299 -11.65 -0.192 -1.51 5.76 76.73
1742868272.720790 24.381 -11.688 -0.191 -1.93 5.8 76.81
1742868272.830748 24.45 -11.686 -0.189 -1.78 5.25 77.24
1742868272.920803 24.491 -11.672 -0.182 -2.07 5.26 77.66
1742868273.20775 24.504 -11.66 -0.19 -1.63 4.96 79.7
1742868273.120795 24.533 -11.671 -0.172 -1.5 5.4 80.09
1742868273.230783 24.568 -11.682 -0.184 -1.49 5.13 80.86
1742868273.330787 24.585 -11.684 -0.196 -1.46 5.36 81.05
1742868273.430789 24.611 -11.691 -0.194 -2.09 5.52 80.48
1742868273.530791 24.669 -11.739 -0.185 -2.48 5.2 78.26
1742868273.630788 24.68 -11.759 -0.189 -2.07 5.06 77.7
1742868273.730802 24.772 -11.744 -0.178 -2.17 4.93 78.84
1742868273.830791 24.83 -11.746 -0.18 -2.02 5.08 78.54
1742868273.920785 24.832 -11.807 -0.168 -2.15 5.97 77.9
1742868274.30754 24.899 -11.786 -0.165 -1.97 5.85 77.31
1742868274.130783 24.945 -11.806 -0.17 -2.07 6.06 76.83
1742868274.230817 24.956 -11.857 -0.162 -2.35 6 75.62
1742868274.310809 25.041 -11.86 -0.167 -2.08 5.13 77.12
1742868274.420793 25.09 -11.765 -0.171 -1.8 5.18 79.13
1742868274.520800 25.128 -11.795 -0.171 -1.84 5.29 80.09
1742868274.610782 25.113 -11.809 -0.159 -2.12 5.68 79.69
1742868274.720794 25.112 -11.854 -0.157 -2.12 5.47 79.72
1742868274.830750 25.181 -11.85 -0.169 -2.3 5.5 80.39
1742868274.930805 25.202 -11.855 -0.175 -2.06 5.49 80.57
1742868275.30813 25.25 -11.84 -0.183 -1.86 5.89 80.86
1742868275.130802 25.276 -11.845 -0.173 -1.94 6.09 80.94
1742868275.220809 25.337 -11.858 -0.171 -1.9 5.16 81.32
1742868275.320788 25.371 -11.872 -0.152 -2.54 5.75 80.83
1742868275.430792 25.423 -11.925 -0.163 -2.25 5.94 80.4
1742868275.520795 25.448 -11.984 -0.158 -2.5 5.86 79.56
1742868275.630790 25.344 -12.008 -0.156 -2.02 5.83 77.7
1742868275.730779 25.443 -12.003 -0.161 -2.23 5.91 76.7
1742868275.830782 25.463 -12.026 -0.152 -2.22 5.8 76.3
1742868275.930784 25.494 -12.039 -0.147 -2.35 5.9 75.37
1742868276.30785 25.68 -12.004 -0.152 -2.61 5.59 75.45
1742868276.130832 25.732 -12.012 -0.134 -3.36 6.4 74.84
1742868276.230809 25.779 -12.001 -0.158 -2.83 5.62 74.64
1742868276.320783 25.793 -12.05 -0.149 -3.12 5.81 74.33
1742868276.420792 25.744 -12.07 -0.121 -3.02 6.29 74.48
1742868276.520749 25.784 -12.118 -0.141 -2.37 6.12 75.43
1742868276.620786 25.816 -12.115 -0.14 -2.32 6.22 76.4
1742868276.720792 25.881 -12.152 -0.105 -3.37 6.21 76.61
1742868276.820778 25.931 -12.171 -0.118 -3.12 5.83 76.82
1742868276.920779 25.942 -12.22 -0.098 -3.58 5.8 76.09
1742868277.20781 25.992 -12.214 -0.085 -4.06 6.56 76.11
1742868277.120782 25.957 -12.212 -0.109 -3.03 6.23 75.94
1742868277.230796 25.96 -12.181 -0.134 -2.89 6.08 75.88
1742868277.310781 26.167 -12.098 -0.117 -2.83 5.99 78.17
1742868277.430792 26.237 -12.088 -0.11 -2.86 5.74 78.36
1742868277.530770 26.297 -12.092 -0.062 -3.59 5.52 78.43
1742868277.630788 26.33 -12.099 -0.092 -3.09 5.16 79.08
1742868277.720802 26.361 -12.119 -0.096 -2.92 5.9 79.5
1742868277.830810 26.366 -12.16 -0.012 -4.31 7.76 79.55
1742868277.910785 26.33 -12.188 -0.098 -2.62 7.29 79.44
1742868278.30801 26.345 -12.195 -0.091 -2.41 7.02 79.51
1742868278.130779 26.304 -12.236 -0.081 -2.97 7.14 78.41
1742868278.230816 26.305 -12.281 -0.097 -2.66 6.78 77.71
1742868278.330825 26.451 -12.291 -0.003 -4.44 7.49 77.28
1742868278.430791 26.523 -12.306 -0.024 -4.09 6.36 77.03
1742868278.530782 26.572 -12.311 -0.015 -4.41 6.85 76.63
1742868278.630776 26.555 -12.385 0.004 -4.63 7.47 75.81
1742868278.810792 26.564 -12.358 0.032 -5.12 7.35 75.13
1742868278.920829 26.578 -12.378 0.041 -4.93 7.44 75.57
1742868280.530819 12.93 -16.344 0.086 -4.52 2.28 -28.89
1742868282.920798 0.548 -8.323 0.116 2.73 2.6 11.86
1742868283.30797 0.568 -8.354 0.246 4.25 2.52 12.06
1742868283.130762 0.57 -8.415 0.117 3.64 2.27 12.09
1742868283.230787 0.585 -8.484 0.156 3.37 2.7 12.25
1742868283.320780 0.576 -8.513 0.126 3.39 2.34 12.57
1742868283.530794 0.596 -8.583 0.115 3.45 2.41 12.86
1742868283.730759 0.623 -8.678 0.15 3.45 2.36 12.8
1742868283.830733 0.635 -8.73 0.135 3.46 2.33 12.63
1742868283.930797 0.646 -8.797 0.13 3.57 2.4 12.34
1742868284.40787 0.66 -8.834 0.182 3.29 2.48 12.18
1742868284.140797 0.663 -8.884 0.125 3.38 2.33 12.21
1742868284.230791 0.668 -8.945 0.135 3.45 2.43 12.46
1742868284.330818 0.685 -8.996 0.124 3.44 2.47 12.98
1742868284.430781 0.689 -9.049 0.124 3.49 2.3 13.75
1742868284.530788 0.702 -9.087 0.123 3.63 2.2 14.55
1742868284.640800 0.719 -9.111 0.103 3.62 2.18 15.21
1742868284.730773 0.737 -9.151 0.13 3.54 2.21 15.71
1742868284.830778 0.742 -9.198 0.131 3.24 2.14 16.3
1742868284.930782 0.758 -9.263 0.081 3.41 2.16 16.92
1742868285.40786 0.786 -9.289 0.133 3.53 2.21 17.15
1742868285.140793 0.796 -9.303 0.146 3.98 1.98 17.04
1742868285.240805 0.805 -9.352 0.101 3.81 1.97 16.63
1742868285.340789 0.809 -9.398 0.073 3.7 2.05 16.01
1742868285.440789 0.816 -9.436 0.101 3.39 2.37 15.36
1742868285.530784 0.825 -9.49 0.106 3.16 2.43 14.79
1742868285.650769 0.821 -9.556 0.085 3.17 2.37 14.52
1742868285.740787 0.835 -9.638 0.071 3.31 2.31 14.99
1742868285.840754 0.861 -9.681 0.091 4.13 1.77 15.91
1742868285.940787 0.886 -9.721 0.094 4.87 1.76 16.79
1742868286.30784 0.903 -9.76 0.188 5.06 0.89 17.51
1742868286.130784 0.903 -9.8 0.132 4.91 1.34 18.38
1742868286.250801 0.931 -9.854 0.105 4.95 0.89 19.06
1742868286.330781 0.979 -9.888 0.138 5.05 1.29 19.86
1742868286.430756 0.977 -9.928 0.087 3.75 1.92 20.29
1742868286.540790 0.972 -9.991 0.048 3.42 1.99 20.6
1742868286.840793 1.006 -10.062 0.063 3.53 2.02 19.85
1742868287.240788 1.069 -10.241 0.049 3.37 2.24 17.3
1742868287.340806 1.085 -10.307 0.031 3.31 2.25 17.23
1742868287.520767 1.076 -10.404 0.038 3.43 2.12 17.98
1742868287.740784 1.117 -10.512 0.024 3.29 2.11 19.19
1742868287.830792 1.137 -10.562 0.022 3.29 1.97 19.94
1742868287.940792 1.162 -10.597 0.02 3.51 1.92 20.43
1742868288.40787 1.17 -10.614 0.021 3.58 1.93 20.6
1742868288.430785 1.221 -10.785 0.016 3.42 2.12 18.29
1742868288.830794 1.298 -11.036 0.017 3.71 1.87 20.84
1742868289.30782 1.324 -11.099 -0.01 4.12 1.42 22.73
1742868289.130790 1.329 -11.109 0.021 4.09 1.46 23.47
1742868289.240791 1.345 -11.129 0.009 3.73 1.61 23.96
1742868289.840796 1.389 -11.276 0.008 3.61 1.77 22.51
