1742868885.350789 10.204 -14.148 0.111 -1.23 3.4 105.93
1742868885.460834 10.207 -14.169 0.123 -1.34 4.07 105.92
1742868885.550766 10.197 -14.169 0.122 -1.33 4.09 105.92
1742868885.660789 10.204 -14.162 0.123 -1.35 4.06 105.94
1742868885.760805 10.213 -14.165 0.129 -1.41 4.12 105.93
1742868885.860822 10.207 -14.164 0.128 -1.42 4.11 105.92
1742868885.950783 10.206 -14.163 0.122 -1.34 4.02 105.93
1742868886.50778 10.201 -14.164 0.119 -1.25 3.99 105.94
1742868886.150780 10.203 -14.162 0.111 -1.19 3.86 105.94
1742868886.250785 10.206 -14.158 0.114 -1.17 3.64 105.93
1742868886.350784 10.207 -14.152 0.11 -1.15 3.42 105.95
1742868886.460788 10.201 -14.15 0.114 -1.19 3.41 105.94
1742868886.570793 10.194 -14.148 0.112 -1.22 3.42 105.94
1742868886.650787 10.196 -14.15 0.112 -1.2 3.43 105.94
1742868886.750794 10.2 -14.149 0.111 -1.19 3.4 105.93
1742868886.860790 10.206 -14.148 0.108 -1.18 3.42 105.93
1742868886.950790 10.2 -14.149 0.109 -1.16 3.37 105.94
1742868887.50767 10.204 -14.15 0.11 -1.17 3.41 105.94
1742868887.160828 10.207 -14.145 0.112 -1.17 3.43 105.95
1742868887.260799 10.21 -14.146 0.112 -1.18 3.42 105.95
1742868887.360794 10.207 -14.15 0.113 -1.19 3.41 105.94
1742868887.450754 10.208 -14.145 0.115 -1.24 3.49 105.95
1742868887.550795 10.202 -14.147 0.113 -1.2 3.44 105.95
1742868887.650801 10.204 -14.15 0.113 -1.19 3.42 105.94
1742868887.760799 10.208 -14.151 0.114 -1.2 3.38 105.94
1742868887.850778 10.204 -14.148 0.112 -1.2 3.41 105.94
1742868887.950788 10.203 -14.15 0.111 -1.21 3.41 105.94
1742868888.50783 10.208 -14.157 0.111 -1.19 3.44 105.93
1742868888.150789 10.201 -14.147 0.112 -1.2 3.4 105.95
1742868888.250773 10.208 -14.152 0.113 -1.19 3.41 105.94
1742868888.350792 10.204 -14.149 0.111 -1.19 3.43 105.93
1742868888.450735 10.201 -14.15 0.113 -1.21 3.42 105.93
1742868888.550814 10.194 -14.15 0.112 -1.19 3.42 105.94
1742868888.650788 10.201 -14.149 0.114 -1.19 3.41 105.93
1742868888.750814 10.204 -14.156 0.117 -1.2 3.44 105.92
1742868888.850786 10.202 -14.148 0.112 -1.19 3.41 105.94
1742868888.950785 10.206 -14.147 0.112 -1.19 3.45 105.93
1742868889.50757 10.204 -14.158 0.111 -1.2 3.38 105.91
1742868889.150786 10.206 -14.15 0.113 -1.2 3.38 105.92
1742868889.260800 10.202 -14.15 0.113 -1.19 3.42 105.93
1742868889.360789 10.193 -14.151 0.11 -1.21 3.38 105.92
1742868889.450749 10.203 -14.148 0.111 -1.26 3.38 105.9
1742868889.550779 10.213 -14.147 0.111 -1.23 3.37 105.93
1742868889.660759 10.209 -14.15 0.11 -1.23 3.38 105.93
1742868889.760791 10.207 -14.147 0.112 -1.22 3.44 105.94
1742868889.850781 10.206 -14.153 0.113 -1.24 3.35 105.9
1742868889.960788 10.211 -14.144 0.109 -1.23 3.36 105.89
1742868890.60795 10.209 -14.146 0.111 -1.29 3.35 106
1742868890.150783 10.202 -14.149 0.112 -1.29 3.33 105.96
1742868890.250815 10.207 -14.148 0.116 -1.27 3.34 105.91
1742868890.350779 10.215 -14.145 0.107 -1.33 3.33 105.93
1742868890.450800 10.222 -14.157 0.108 -1.47 3.32 105.93
1742868890.550798 10.207 -14.179 0.115 -1.61 3.31 105.65
1742868890.650751 10.193 -14.197 0.124 -1.71 3.28 104.94
1742868890.750819 10.208 -14.19 0.112 -1.82 3.28 103.89
1742868890.850736 10.221 -14.163 0.117 -1.65 3.21 103.11
1742868890.960830 10.265 -14.16 0.12 -1.69 3.26 102.53
1742868891.60788 10.269 -14.165 0.115 -1.66 3.2 101.8
1742868891.150781 10.288 -14.154 0.119 -1.86 3.13 100.93
1742868891.260789 10.29 -14.184 0.128 -1.63 3.28 99.99
1742868891.350790 10.322 -14.179 0.121 -1.58 3.2 98.97
1742868891.450780 10.372 -14.138 0.119 -1.52 3.33 98.34
1742868891.550792 10.415 -14.146 0.12 -1.36 3.22 97.97
1742868891.650775 10.406 -14.143 0.127 -1.01 3.29 97.58
1742868891.750755 10.422 -14.14 0.121 -0.94 3.35 97.37
1742868891.860784 10.412 -14.141 0.114 -1.08 3.38 97.24
1742868891.960788 10.421 -14.079 0.109 -1.37 3.3 97.58
1742868892.50794 10.426 -14.028 0.113 -1.37 3.27 99.11
1742868892.160800 10.327 -14.134 0.118 -1.19 3.33 99.92
1742868892.260786 10.213 -14.198 0.106 -1.29 3.13 99.21
1742868892.350747 10.154 -14.228 0.119 -1.3 3.29 97.65
1742868892.460810 10.09 -14.202 0.13 -1.5 3.15 96.2
1742868892.560802 10.121 -14.218 0.109 -1.61 3.23 94.91
1742868892.660832 10.071 -14.211 0.109 -1.54 3.19 93.94
1742868892.760788 10.027 -14.203 0.121 -1.61 3.35 93.15
1742868892.850815 9.968 -14.183 0.107 -1.59 3.15 92.58
1742868892.950781 9.941 -14.184 0.111 -1.56 3.28 92.09
1742868893.60788 9.875 -14.171 0.104 -1.61 3.14 91.74
1742868893.160787 9.832 -14.174 0.105 -1.46 3.25 91.64
1742868893.260798 9.776 -14.172 0.104 -1.47 3.17 91.68
1742868893.360784 9.726 -14.162 0.092 -1.73 3.16 91.75
1742868893.460787 9.664 -14.18 0.099 -1.58 3.26 91.91
1742868893.560802 9.586 -14.163 0.095 -1.76 3.17 92.13
1742868893.650800 9.52 -14.187 0.094 -1.6 3.43 92.33
1742868893.760812 9.46 -14.173 0.082 -1.83 3.1 92.53
1742868893.860789 9.383 -14.221 0.091 -1.66 3.79 92.53
1742868893.960795 9.317 -14.182 0.085 -1.67 3.24 92.56
1742868894.50785 9.268 -14.209 0.096 -1.38 3.47 92.73
1742868894.160791 9.204 -14.204 0.087 -1.58 3.37 92.89
1742868894.260800 9.135 -14.2 0.075 -1.42 3.34 93.03
1742868894.350800 9.062 -14.232 0.09 -1.07 3.39 93.01
1742868894.460788 9.005 -14.209 0.071 -1.44 3.33 92.91
1742868894.560794 8.935 -14.226 0.08 -1.13 3.29 92.81
1742868894.660800 8.851 -14.255 0.077 -0.97 3.83 92.71
1742868894.760790 8.746 -14.242 0.062 -1.37 3.12 92.29
1742868894.860763 8.656 -14.284 0.074 -1.18 3.6 91.82
1742868894.960786 8.582 -14.277 0.063 -1.7 3.3 91.37
1742868895.60792 8.504 -14.266 0.071 -1.63 3.32 91.08
1742868895.160803 8.456 -14.257 0.065 -1.7 3.06 90.88
1742868895.460830 8.258 -14.239 0.047 -1.44 3.09 91.13
1742868895.660789 8.09 -14.256 0.057 -1.39 3.03 91.07
1742868895.860794 7.917 -14.264 0.054 -0.95 3.25 90.67
1742868895.960786 7.835 -14.267 0.037 -1.03 3.4 90.46
1742868896.60790 7.759 -14.279 0.028 -1.17 3.29 90.05
1742868896.160798 7.688 -14.26 0.028 -1.49 3.35 89.6
1742868896.260762 7.602 -14.248 0.025 -1.5 3.28 89.43
1742868896.360819 7.524 -14.242 0.031 -1.53 3.24 89.28
1742868896.460787 7.452 -14.236 0.028 -1.56 3.44 89.12
1742868896.560808 7.392 -14.223 0.024 -1.51 3.45 89.29
1742868896.660796 7.315 -14.226 0.03 -1.48 3.69 89.53
1742868896.760800 7.238 -14.226 0.033 -1.72 3.73 89.76
1742868896.860786 7.171 -14.256 0.015 -1.75 3.67 89.76
1742868896.960789 7.104 -14.248 0.018 -1.62 3.75 89.66
1742868897.160806 6.942 -14.249 0.008 -1.59 3.66 89.36
1742868897.260799 6.839 -14.269 0.017 -1.55 3.99 89.03
1742868897.360788 6.75 -14.275 0.015 -1.76 4.02 88.53
1742868897.460805 6.675 -14.259 0.016 -1.72 3.89 88.07
1742868897.560789 6.599 -14.266 0.02 -1.83 4.03 87.68
1742868897.670797 6.522 -14.246 0.002 -2.05 3.96 87.34
1742868898.660805 5.761 -14.157 -0.029 -2.08 4.08 86.34
1742868898.760836 5.672 -14.163 -0.044 -1.97 4.04 86.73
1742868898.860794 5.579 -14.165 -0.007 -1.85 4.23 87.11
1742868898.960788 5.494 -14.148 -0.03 -1.96 4.12 87.44
1742868899.60816 5.428 -14.137 -0.036 -1.89 4.1 87.93
1742868899.160799 5.375 -14.142 -0.02 -1.83 4.33 88.45
1742868899.250775 5.298 -14.156 -0.039 -1.54 4.33 88.98
1742868899.350824 5.232 -14.14 -0.046 -1.5 4.28 89.42
1742868899.460801 5.153 -14.13 -0.041 -1.36 4.11 89.87
1742868899.560795 5.091 -14.133 -0.053 -1.15 4.17 90.32
1742868899.660798 5.035 -14.131 -0.064 -1.09 4.18 90.86
1742868899.770810 4.946 -14.126 -0.071 -1.11 4.42 91.41
1742868899.870799 4.846 -14.147 -0.072 -1.03 4.45 91.99
1742868900.60789 4.697 -14.138 -0.064 -1.38 4.46 93.06
1742868900.160789 4.622 -14.153 -0.063 -1.39 4.38 93.52
1742868900.260788 4.544 -14.169 -0.06 -1.47 4.57 93.87
1742868900.360786 4.454 -14.18 -0.062 -1.48 4.63 94.01
1742868900.550809 4.287 -14.215 -0.059 -1.43 4.49 93.72
1742868900.650783 4.193 -14.23 -0.057 -1.25 4.3 93.35
1742868900.750782 4.123 -14.206 -0.071 -1.42 4.19 92.85
1742868900.850778 4.037 -14.242 -0.071 -1.02 4.19 92.35
1742868900.950781 3.959 -14.231 -0.077 -1.19 4.16 91.8
1742868901.50802 3.879 -14.228 -0.093 -1.43 4.29 91.27
1742868901.150783 3.784 -14.237 -0.096 -1.48 4.18 90.63
1742868901.250801 3.69 -14.245 -0.085 -1.44 4.06 89.92
1742868901.350781 3.594 -14.254 -0.093 -1.39 4.08 88.94
1742868901.450796 3.507 -14.239 -0.091 -1.64 3.94 87.91
1742868901.550821 3.434 -14.244 -0.085 -1.65 4.12 86.64
1742868901.650763 3.364 -14.264 -0.073 -1.71 3.96 85.38
1742868901.760774 3.268 -14.246 -0.102 -1.59 3.96 83.87
1742868901.850783 3.195 -14.243 -0.092 -1.49 3.84 82.48
1742868901.950810 3.12 -14.237 -0.105 -1.7 3.83 80.61
1742868902.60802 3.032 -14.203 -0.103 -1.66 3.86 78.59
1742868902.160781 2.957 -14.198 -0.11 -1.81 3.84 76.69
1742868902.270779 2.922 -13.986 -0.1 -1.99 3.58 73.87
1742868902.360775 2.855 -13.972 -0.111 -2.09 3.65 71.65
1742868902.460754 2.799 -13.949 -0.109 -2.13 3.66 69.5
1742868902.550795 2.761 -13.922 -0.118 -2.03 3.61 67.49
1742868902.670815 2.693 -13.917 -0.109 -2.04 4.13 65.31
1742868902.770784 2.632 -13.875 -0.121 -2.38 3.76 63.3
1742868902.870781 2.546 -13.817 -0.13 -2.4 3.2 60.98
1742868902.970780 2.48 -13.787 -0.141 -2.67 3.18 58.47
1742868903.60793 2.423 -13.738 -0.139 -2.6 2.94 55.94
1742868903.160777 2.352 -13.699 -0.106 -2.48 3.01 53.51
1742868903.260740 2.312 -13.665 -0.135 -2.96 2.88 51.18
1742868903.460786 2.177 -13.574 -0.161 -3.63 2.42 46.4
1742868903.670790 2.048 -13.478 -0.119 -2.37 0.07 41.62
1742868903.770807 2.001 -13.433 -0.253 -2.48 0.39 39.29
1742868903.860816 1.958 -13.408 -0.138 -2.53 0 37.14
1742868903.960785 1.896 -13.33 -0.135 -2.37 -1.34 34.64
1742868904.170788 1.744 -13.096 -0.117 0.16 -3.17 28.38
1742868904.270819 1.702 -13.05 -0.095 2.18 -3.53 25.21
1742868904.470778 1.667 -13.005 -0.039 4.87 -2.58 20.09
1742868904.650787 1.668 -12.959 -0.127 4.83 -2.1 18.87
1742868904.850780 1.607 -12.808 -0.097 5.04 -1.88 18.28
1742868904.950778 1.585 -12.716 -0.109 5.03 -2.1 17.98
1742868905.60754 1.569 -12.627 -0.078 5.3 -1.69 17.58
1742868905.550754 1.437 -12.246 -0.071 4.49 -2.11 18.2
1742868905.650784 1.417 -12.169 -0.027 4.96 -2.04 17.79
1742868905.860809 1.378 -12.08 -0.059 4.92 -2.2 17.7
1742868905.960789 1.369 -12.035 -0.048 5.23 -2.21 18.54
1742868906.260810 1.276 -11.762 -0.02 5.11 -2.37 22.61
1742868906.360808 1.229 -11.661 0.035 5.26 -2.46 22.97
1742868906.450772 1.207 -11.599 -0.016 4.77 -2.68 23.17
1742868906.560788 1.177 -11.505 -0.056 4.88 -2.71 23.35
1742868906.650772 1.135 -11.403 0.024 4.9 -2.54 23.62
1742868908.260779 0.618 -10.211 0.047 3.43 -1.73 20.32
1742868908.350794 0.593 -10.147 0.064 3.64 -1.73 19.52
1742868908.460804 0.581 -10.097 0.072 3.72 -1.71 18.96
1742868908.560812 0.551 -10.028 0.05 3.74 -1.49 18.71
1742868908.650794 0.537 -9.97 0.06 3.91 -1.47 18.63
1742868908.750775 0.501 -9.923 0.06 3.88 -1.72 18.78
1742868908.850790 0.476 -9.833 0.094 3.97 -1.43 18.79
1742868908.950792 0.463 -9.762 0.048 3.56 -1.49 18.73
1742868909.50781 0.433 -9.679 0.064 3.89 -1.77 18.29
1742868909.160795 0.406 -9.578 0.107 3.73 -1.32 17.37
1742868909.250781 0.369 -9.488 0.115 3.51 -1.07 16
1742868909.360786 0.334 -9.419 0.065 3.14 -1.12 14.4
1742868909.460793 0.354 -9.379 0.116 3.31 -1.13 13.04
1742868909.650791 0.335 -9.3 0.12 3.33 -1.01 12.22
1742868909.750790 0.326 -9.237 0.122 3.49 -0.87 12.53
1742868910.150786 0.217 -8.912 0.142 4.1 -1.22 12.27
1742868910.250791 0.19 -8.82 0.14 3.49 -0.83 11.51
1742868910.550794 0.125 -8.63 0.135 3.44 -0.69 8.7
1742868910.950792 0.08 -8.377 0.126 3.18 -0.64 6.83
1742868911.40780 0.067 -8.328 0.117 3.22 -0.63 6.22
1742868911.150791 0.05 -8.285 0.108 3.58 -0.67 5.57
1742868911.250791 0.045 -8.205 0.112 3.7 -0.66 4.99
1742868911.340783 0.035 -8.164 0.1 3.73 -1.28 4.49
1742868911.440788 0.021 -8.076 0.156 3.56 -0.98 4.39
1742868911.540811 -0.026 -7.959 0.195 3.2 -0.11 4.56
1742868911.640785 0.027 -7.94 0.138 2.3 -1.42 4.76
1742868911.740781 0.002 -7.903 0.197 2.09 -0.32 5.24
1742868911.840753 -0.005 -7.81 0.206 0.22 0.4 5.56
1742868911.940780 -0.021 -7.743 0.181 0.19 0.11 5.52
1742868912.50784 -0.026 -7.71 0.203 0.02 0.15 5.62
1742868912.140793 -0.021 -7.673 0.188 -0.22 0.06 5.56
1742868912.240822 -0.028 -7.606 0.153 -0.81 0.17 5.5
1742868912.350789 -0.072 -7.539 0.183 -2.93 1.35 5.33
1742868912.440796 0.001 -7.512 0.096 -3.53 -1.21 5.13
1742868912.540793 -0.017 -7.482 0.145 -3.17 -0.14 5.22
1742868912.650833 -0.015 -7.389 0.062 -3.34 0.06 5.04
1742868912.740806 -0.032 -7.34 0.105 -3.02 0.06 5.02
1742868912.840830 -0.011 -7.266 0.07 -3.82 0.23 4.85
1742868912.940793 -0.043 -7.199 0.088 -3.56 -0.07 4.79
1742868913.40783 -0.042 -7.131 0.07 -3.79 -0.03 4.55
1742868913.160808 -0.059 -7.04 0.078 -3.57 0.37 4.54
1742868913.240782 -0.064 -6.973 0.074 -3.64 0.8 4.46
1742868913.340803 -0.096 -6.907 0.101 -3.51 2.02 4.39
1742868913.450791 -0.113 -6.839 0.093 -3.4 2.01 4.52
1742868913.540781 -0.12 -6.784 0.102 -3.27 2.52 5.03
1742868913.640788 -0.118 -6.716 0.084 -3.35 2.1 5.76
1742868913.740800 -0.068 -6.671 0.079 -3.1 2.43 7.03
1742868913.840773 -0.091 -6.635 0.085 -3 2.51 7.29
1742868913.940798 -0.089 -6.601 0.099 -3.19 3.51 7.59
1742868914.50751 -0.15 -6.522 0.093 -2.92 3.76 6.83
1742868914.150790 -0.16 -6.469 0.095 -3.35 3.25 6.15
1742868914.240808 -0.18 -6.396 0.094 -3.69 3.38 5.25
1742868914.340805 -0.141 -6.356 0.103 -3.67 3.87 5.12
1742868914.440790 -0.155 -6.28 0.1 -3.68 3.53 4.15
1742868914.540803 -0.143 -6.189 0.031 -2.91 1.92 3.66
1742868914.640783 -0.131 -6.143 0.048 -3.13 1.98 3.01
1742868914.740786 -0.171 -6.095 0.039 -3.03 2.19 1.75
1742868914.840787 -0.152 -6.005 0.035 -2.89 2 0.63
1742868914.940760 -0.166 -5.919 0.017 -2.61 1.35 -1
1742868915.50786 -0.165 -5.839 0.018 -3.1 1.17 -2.76
1742868915.140790 -0.202 -5.749 0.053 -3.6 2.98 -4.36
1742868915.240785 -0.184 -5.634 0.052 -3.63 3.04 -5.45
1742868915.350801 -0.15 -5.545 0.061 -4.01 3.16 -6.32
1742868915.440792 -0.13 -5.467 0.064 -4.23 2.95 -6.86
1742868915.540747 -0.136 -5.375 0.025 -3.75 2.25 -7.92
1742868915.640796 -0.105 -5.287 0.015 -3.5 1.95 -7.64
1742868915.750782 -0.085 -5.209 0.009 -3.38 2.4 -6.95
1742868915.840817 -0.064 -5.1 0.004 -2.71 2.46 -6.47
1742868915.940793 -0.044 -5.006 -0.002 -2.97 2.47 -6.33
1742868917.50791 0.072 -3.954 -0.054 -2.77 2.24 -9.47
1742868917.240738 0.09 -3.774 -0.066 -2.7 2.16 -9.29
1742868917.340776 0.117 -3.708 -0.072 -2.63 1.96 -8.21
1742868917.440782 0.129 -3.603 -0.083 -2.58 1.9 -7.84
1742868917.550782 0.137 -3.538 -0.073 -2.84 2.28 -7.53
1742868917.740824 0.168 -3.349 -0.092 -2.81 2.13 -6.27
1742868917.840795 0.178 -3.244 -0.105 -2.54 1.96 -5.5
1742868917.940793 0.193 -3.153 -0.105 -2.4 2.59 -3.94
1742868918.40804 0.197 -3.06 -0.113 -2.32 2.31 -3.03
1742868918.140775 0.195 -2.951 -0.109 -2.23 2.58 -2.23
1742868918.240783 0.201 -2.877 -0.129 -2.26 2.15 -1.46
1742868918.350776 0.205 -2.756 -0.119 -1.95 2.51 -0.62
1742868918.450781 0.198 -2.678 -0.112 -1.66 3.33 0.31
1742868918.640807 0.184 -2.459 -0.117 -1.48 3.89 1.54
1742868918.740786 0.174 -2.375 -0.124 -1.46 3.67 2.43
1742868918.840787 0.167 -2.279 -0.141 -1.55 3.2 3.23
1742868918.940785 0.162 -2.196 -0.142 -1.11 3.29 3.73
1742868919.40787 0.15 -2.093 -0.141 -1.07 2.96 3.78
1742868919.140784 0.155 -2.026 -0.151 -1.43 3.03 4.22
1742868919.240796 0.144 -1.953 -0.145 -1.01 3.54 4.65
1742868919.340797 0.137 -1.878 -0.158 -1.12 3.17 4.37
1742868919.440787 0.123 -1.743 -0.154 -1.18 3.3 4.38
1742868919.540783 0.108 -1.629 -0.142 -0.61 3.79 3.78
1742868919.640798 0.106 -1.549 -0.155 -0.7 3.52 3.02
1742868919.740786 0.107 -1.477 -0.167 -0.85 3.31 2.2
1742868919.840781 0.105 -1.367 -0.181 -0.98 2.56 1.43
1742868919.940801 0.129 -1.283 -0.169 -0.93 3.03 -0.06
1742868920.40745 0.115 -1.2 -0.183 -0.7 2.69 -0.3
1742868920.140775 0.127 -1.135 -0.194 -1.22 2.79 -1.25
1742868920.240785 0.129 -1.056 -0.222 -1.06 2.14 -1.46
1742868920.340795 0.121 -0.957 -0.246 -0.98 1.26 -1.2
1742868920.450796 0.131 -0.853 -0.254 -1.02 1.04 -1.56
1742868920.540815 0.131 -0.769 -0.263 -0.91 0.95 -1.9
1742868920.640776 0.141 -0.744 -0.258 -1.14 1.38 -2.19
1742868920.740753 0.114 -0.589 -0.249 -1.19 2.09 -2.24
1742868920.840791 0.126 -0.488 -0.239 -0.84 2.32 -2.61
1742868920.940783 0.129 -0.448 -0.163 -0.62 4.49 -2.99
1742868921.40738 0.139 -0.39 -0.191 -1.36 3.89 -2.9
1742868921.140782 0.122 -0.324 -0.196 -0.9 3.53 -2.1
1742868921.240787 0.153 -0.261 -0.301 -1.24 1.22 -1.63
1742868921.340793 0.177 -0.286 -0.363 -2.14 0.71 -1.26
1742868921.440813 0.165 -0.277 -0.404 -2.98 1.4 -0.5
1742868921.540802 0.171 -0.276 -0.386 -3.45 3.3 -0.46
1742868921.640806 0.16 -0.215 -0.402 -3.9 3.02 0.37
1742868921.740800 0.142 -0.229 -0.447 -3.19 0.62 1.81
1742868921.840797 0.148 -0.254 -0.488 -3.66 0.41 2.08
1742868921.940799 0.138 -0.24 -0.465 -3.02 0.18 2.53
1742868922.40787 0.124 -0.235 -0.432 -2.74 0.81 2.7
1742868922.140808 0.141 -0.24 -0.441 -2.85 0.45 2.5
1742868922.240787 0.165 -0.244 -0.446 -3.85 1.59 1.33
1742868922.340804 0.159 -0.253 -0.433 -4.33 2 1.15
1742868922.440792 0.152 -0.257 -0.42 -3.31 1.96 1.43
1742868922.540743 0.144 -0.248 -0.441 -3.51 1.48 1.75
1742868922.640816 0.156 -0.241 -0.433 -3.4 1.14 1.78
1742868922.740794 0.156 -0.231 -0.442 -2.98 0.5 1.79
1742868922.840788 0.154 -0.271 -0.44 -2.89 0.43 1.76
1742868922.940788 0.159 -0.228 -0.43 -2.85 0.99 1.46
1742868923.40798 0.163 -0.241 -0.446 -3.1 0.67 1.5
1742868923.140792 0.163 -0.282 -0.463 -3.23 -0.09 1.77
1742868923.240804 0.166 -0.269 -0.458 -3.48 0.08 1.64
1742868923.340800 0.166 -0.245 -0.445 -3.45 0.91 1.37
1742868923.440786 0.178 -0.242 -0.451 -3.21 0.21 1.41
1742868923.540794 0.168 -0.242 -0.471 -3.11 -0.35 1.78
1742868923.650792 0.175 -0.24 -0.465 -3 -0.34 1.63
1742868923.740780 0.177 -0.251 -0.449 -2.93 0.03 1.52
1742868923.830819 0.173 -0.246 -0.452 -3.17 -0.02 1.6
1742868923.930784 0.169 -0.232 -0.458 -3.15 -0.16 1.77
1742868924.30791 0.17 -0.216 -0.446 -3.06 0.19 1.57
1742868924.140807 0.17 -0.186 -0.463 -4.24 1.24 1.23
1742868924.240794 0.163 -0.195 -0.454 -4.36 1.36 1.35
1742868924.340792 0.163 -0.179 -0.459 -4.34 1.37 1.27
1742868924.430777 0.167 -0.193 -0.452 -4.19 1.71 1.18
1742868924.530761 0.168 -0.2 -0.437 -4.37 1.76 1.16
1742868924.640771 0.158 -0.233 -0.442 -4.22 1.68 1.41
1742868924.740803 0.157 -0.224 -0.431 -3.63 1.65 1.37
1742868924.840792 0.163 -0.224 -0.431 -3.53 1.36 1.4
1742868924.930784 0.156 -0.233 -0.44 -3.44 0.9 1.74
1742868925.40788 0.169 -0.208 -0.434 -3.1 0.48 1.6
1742868925.130791 0.169 -0.191 -0.441 -3.13 0.68 1.48
1742868925.250803 0.165 -0.154 -0.438 -3.06 0.44 1.61
1742868925.340802 0.157 -0.241 -0.447 -3.12 0.73 1.7
1742868925.440801 0.168 -0.183 -0.454 -3.45 0.48 1.56
1742868925.540821 0.167 -0.152 -0.444 -3.03 0.65 1.44
1742868925.640759 0.174 -0.176 -0.451 -3.4 1.05 1.22
1742868925.740821 0.159 -0.17 -0.423 -2.74 0.72 1.66
1742868925.840823 0.156 -0.155 -0.422 -2.64 0.82 1.61
1742868925.940824 0.154 -0.152 -0.436 -2.9 0.49 1.78
1742868926.40804 0.155 -0.127 -0.432 -2.59 0.75 1.72
1742868926.140789 0.154 -0.11 -0.456 -3.15 0.88 1.68
1742868926.240771 0.142 0.01 -0.436 -2.65 0.67 1.82
1742868926.340758 0.151 -0.024 -0.446 -2.83 0.69 1.63
1742868926.440789 0.145 -0.019 -0.43 -2.46 0.56 1.81
1742868926.540814 0.141 0.03 -0.393 -0.91 -0.23 2.17
1742868926.630784 0.124 0.117 -0.281 0.26 0.96 2.12
1742868926.730781 0.118 0.093 -0.293 -0.03 1.28 2.24
1742868926.840804 0.109 0.112 -0.282 0.13 1.28 2.27
1742868926.940804 0.132 0.106 -0.295 -0.02 0.94 2.02
1742868927.40792 0.126 0.088 -0.294 -0.07 1.28 2.1
1742868927.131622 0.122 0.1 -0.292 0.13 1.1 2.13
1742868927.240789 0.13 0.103 -0.291 0.13 1.02 1.94
1742868927.330785 0.129 0.104 -0.288 -0.12 1.22 1.79
1742868927.440783 0.136 0.067 -0.323 -0.44 0.75 1.9
1742868927.540788 0.147 0.009 -0.346 -1.22 1.18 1.62
1742868927.640785 0.141 0.029 -0.352 -1.13 0.64 1.78
1742868927.740785 0.141 0.013 -0.344 -1 1.01 1.72
1742868927.840804 0.135 0.035 -0.345 -1.31 1.36 1.7
1742868927.940808 0.141 0.039 -0.333 -1.04 1.47 1.64
1742868928.30775 0.135 0.051 -0.349 -1.29 1.19 1.74
1742868928.130775 0.141 0.025 -0.36 -1.4 0.96 1.7
1742868928.240801 0.138 0.013 -0.368 -1.65 1.23 1.7
1742868928.340788 0.14 0.055 -0.334 -0.91 1.32 1.66
1742868928.440827 0.127 0.069 -0.311 -0.56 1.38 1.87
1742868928.540771 0.123 0.092 -0.318 -0.38 1.05 2.07
1742868928.640789 0.112 0.112 -0.292 0.03 1.16 2.17
1742868928.740799 0.119 0.102 -0.287 0.2 0.79 2.3
1742868928.840821 0.121 0.112 -0.286 0.35 0.7 2.24
1742868928.940778 0.127 0.106 -0.285 0.37 0.77 2.05
1742868929.50794 0.127 0.131 -0.276 0.42 0.71 2
1742868929.140787 0.131 0.118 -0.276 0.47 0.81 1.93
1742868929.240799 0.129 0.124 -0.283 0.31 0.88 1.93
1742868929.340835 0.135 0.115 -0.288 0.23 0.83 1.89
1742868929.440803 0.129 0.065 -0.334 -0.57 0.58 2.08
1742868929.540781 0.128 0.063 -0.337 -0.72 0.81 2.05
1742868929.630784 0.135 0.115 -0.287 0.46 0.58 1.9
1742868929.740820 0.147 0.105 -0.323 -0.52 0.15 1.68
1742868929.840777 0.157 0.041 -0.339 -1.02 0.39 1.4
1742868929.940747 0.161 0.034 -0.365 -1.29 0.14 1.47
1742868930.40781 0.168 0.005 -0.397 -1.41 -0.65 1.51
1742868930.130766 0.163 -0.014 -0.409 -1.43 -0.57 1.74
1742868930.230790 0.144 0.035 -0.396 -1.41 -0.1 2.02
1742868930.340812 0.125 0.112 -0.319 -0.48 0.8 2.06
1742868930.430786 0.127 0.12 -0.287 -0.01 0.94 2.07
1742868930.530803 0.132 0.108 -0.295 -0.38 1.2 1.85
1742868930.640785 0.131 0.082 -0.292 -0.2 1.08 1.99
1742868930.740758 0.126 0.099 -0.282 -0.2 1.17 2.1
1742868930.840785 0.124 0.1 -0.295 -0.43 1.09 2.14
1742868930.940788 0.135 0.035 -0.343 -1.29 1.29 1.8
1742868931.30755 0.131 0.024 -0.344 -1.22 1.13 1.99
1742868931.140790 0.13 0.02 -0.338 -1.16 1.17 2.02
1742868931.240812 0.133 0.013 -0.338 -1.27 1.26 1.91
1742868931.331605 0.137 0.021 -0.338 -1.34 1.24 1.82
1742868931.440789 0.137 0.002 -0.337 -1.28 1.5 1.74
1742868931.540801 0.124 0.03 -0.338 -1.33 1.35 2.02
1742868931.640777 0.128 0.02 -0.346 -1.34 1.35 2.02
1742868931.740774 0.126 0.025 -0.342 -1.36 1.31 2.06
1742868931.840748 0.132 0.011 -0.349 -1.61 1.31 1.91
1742868931.940788 0.124 0.019 -0.339 -1.47 1.34 2.07
1742868932.40792 0.128 0.033 -0.331 -1.24 1.55 1.86
1742868932.140792 0.129 0.039 -0.329 -1.09 1.27 2.04
1742868932.240787 0.127 0.018 -0.339 -1.38 1.13 2.02
1742868932.340802 0.124 0.012 -0.345 -1.68 1.51 1.95
1742868932.440785 0.126 0.001 -0.345 -1.85 1.52 1.9
1742868932.540832 0.132 0.013 -0.348 -1.67 1.3 1.83
1742868932.640790 0.131 0.001 -0.353 -2.02 1.37 1.82
1742868932.740782 0.129 0.041 -0.318 -0.94 1.46 1.87
1742868932.840803 0.125 0.04 -0.316 -1.11 1.3 2.01
1742868932.940752 0.125 0.057 -0.322 -1.05 1.48 1.93
1742868933.40794 0.124 0.061 -0.32 -0.91 1.26 1.98
1742868933.130793 0.123 0.06 -0.318 -0.88 1.18 2
