1742868750.376218 0.008 0.004 -0.011 -0.51 0.53 -0.22
1742868750.550782 0.054 0.078 -0.004 -0.06 1.53 -0.88
1742868750.740790 0.06 0.079 -0.001 -0.13 1.72 -1.01
1742868750.840779 0.063 0.087 0.001 0.21 1.72 -1.07
1742868750.933806 0.06 0.083 -0.001 0.11 1.73 -1.03
1742868751.50793 0.06 0.076 0 -0.08 1.88 -1.06
1742868751.150779 0.059 0.084 -0.002 -0.04 1.66 -1.04
1742868751.340795 0.062 0.075 -0.006 -0.07 1.44 -1.04
1742868751.440801 0.06 0.079 0.001 -0.11 1.71 -1.04
1742868751.540744 0.064 0.071 0 0 1.64 -1.11
1742868751.640793 0.059 0.088 -0.006 0 1.47 -1.04
1742868751.740785 0.059 0.079 -0.002 0.04 1.82 -1.05
1742868751.840785 0.061 0.086 0 -0.01 1.73 -1.21
1742868751.940822 0.052 0.091 -0.006 -0.02 1.44 -1.08
1742868752.40806 0.05 0.078 -0.005 -0.22 1.78 -1.17
1742868752.140757 0.054 0.089 0 0.02 1.63 -1.3
1742868752.240784 0.062 0.09 0 0.09 1.56 -1.62
1742868752.340841 0.053 0.096 0.001 -0.09 1.87 -1.61
1742868752.440787 0.057 0.084 0.006 -0.07 1.7 -1.72
1742868752.540787 0.053 0.093 0.001 -0.08 1.56 -1.66
1742868752.640811 0.055 0.085 -0.004 -0.17 1.39 -1.69
1742868752.740783 0.054 0.087 -0.002 -0.07 1.6 -1.75
1742868752.840786 0.058 0.087 -0.003 0 1.59 -1.81
1742868752.940788 0.049 0.094 -0.005 -0.07 1.32 -1.78
1742868753.40789 0.055 0.086 -0.002 -0.08 1.42 -1.98
1742868753.140786 0.054 0.086 -0.002 -0.06 1.44 -2
1742868753.250789 0.047 0.093 -0.009 -0.14 1.35 -1.92
1742868753.340770 0.058 0.089 -0.007 -0.15 1.4 -2.12
1742868753.440789 0.054 0.097 0 0.03 1.61 -2.1
1742868753.540762 0.06 0.084 -0.008 -0.29 1.58 -2.26
1742868753.640815 0.05 0.084 -0.003 -0.26 1.56 -2.09
1742868753.750778 0.064 0.09 -0.006 -0.16 1.57 -2.36
1742868753.840793 0.053 0.092 -0.009 -0.19 1.37 -2.2
1742868753.950759 0.049 0.11 -0.003 -0.05 1.65 -2.27
1742868754.40805 0.057 0.106 0.006 0.18 1.64 -2.43
1742868754.140794 0.053 0.097 -0.001 0 1.53 -2.46
1742868754.240807 0.054 0.114 -0.005 0.07 1.31 -2.56
1742868754.340786 0.063 0.114 -0.002 0.16 1.41 -2.73
1742868754.440807 0.054 0.111 -0.008 0.02 1.6 -2.69
1742868754.540782 0.059 0.122 -0.003 0.03 1.3 -2.72
1742868754.640785 0.053 0.107 -0.007 0.08 1.33 -2.64
1742868754.750794 0.057 0.113 -0.003 0.05 1.32 -2.67
1742868754.840810 0.054 0.103 -0.013 -0.02 1.41 -2.71
1742868754.940769 0.057 0.12 0 0.14 1.35 -2.74
1742868755.40777 0.06 0.116 -0.002 0.25 1.38 -2.8
1742868755.140787 0.051 0.117 -0.013 -0.03 1.22 -2.7
1742868755.240785 0.056 0.109 -0.003 -0.01 1.5 -2.79
1742868755.340811 0.054 0.124 -0.003 0.01 1.48 -2.84
1742868755.433322 0.067 0.123 -0.006 0.2 1.17 -2.98
1742868755.540824 0.058 0.121 -0.005 0.21 1.36 -2.87
1742868755.640784 0.061 0.114 -0.012 0.12 1.26 -2.96
1742868755.740759 0.059 0.126 -0.007 0.12 1.41 -2.97
1742868755.840826 0.06 0.128 -0.006 0.03 1.43 -3.03
1742868755.940826 0.054 0.145 -0.005 0.17 1.41 -2.98
1742868756.40770 0.052 0.132 -0.006 0.11 1.51 -3.02
1742868756.140786 0.062 0.128 -0.003 -0.01 1.46 -3.17
1742868756.240749 0.056 0.141 -0.002 0 1.3 -3.08
1742868756.350772 0.06 0.126 -0.005 -0.11 1.4 -3.15
1742868756.440782 0.056 0.134 -0.005 0.08 1.32 -2.9
1742868756.550833 0.063 0.106 -0.008 0 1.28 -2.82
1742868756.640794 0.052 0.113 -0.006 -0.04 1.51 -2.64
1742868756.740790 0.056 0.117 -0.008 0.05 1.28 -2.71
1742868756.850793 0.056 0.125 -0.001 0.16 1.63 -2.78
1742868756.940798 0.057 0.11 -0.006 0.26 1.3 -2.89
1742868757.40785 0.058 0.137 -0.001 0 1.54 -2.96
1742868757.140800 0.062 0.115 0.002 0.14 1.49 -3.01
1742868757.240731 0.049 0.126 -0.004 0.05 1.55 -2.89
1742868757.340784 0.051 0.138 -0.006 0.03 1.39 -3.02
1742868757.440802 0.054 0.134 0.002 0.04 1.61 -3.23
1742868757.540784 0.066 0.131 -0.004 -0.05 1.42 -3.51
1742868757.640787 0.059 0.146 -0.002 -0.05 1.74 -3.53
1742868757.750792 0.058 0.16 -0.01 -0.21 1.51 -3.37
1742868757.840767 0.057 0.146 -0.006 -0.19 1.41 -3.17
1742868757.950783 0.058 0.137 -0.008 -0.09 1.36 -3.05
1742868758.50826 0.066 0.144 -0.004 -0.02 1.56 -3.1
1742868758.140784 0.061 0.139 -0.009 -0.11 1.47 -3.1
1742868758.240776 0.061 0.155 -0.003 0.02 1.58 -3.14
1742868758.340814 0.063 0.13 -0.016 -0.18 1.31 -3.16
1742868758.440782 0.056 0.135 -0.007 0 1.35 -3.18
1742868758.540787 0.06 0.127 -0.012 -0.09 1.36 -3.38
1742868758.640798 0.053 0.141 -0.006 0.04 1.46 -3.45
1742868758.750782 0.058 0.131 -0.005 -0.06 1.57 -3.77
1742868758.840784 0.062 0.158 -0.009 0 1.42 -4.03
1742868758.950755 0.054 0.17 -0.009 0.18 1.33 -4.23
1742868759.50794 0.057 0.182 -0.008 -0.02 1.35 -4.43
1742868759.150786 0.066 0.18 -0.008 0.01 1.18 -4.49
1742868759.240776 0.064 0.177 -0.006 -0.26 1.55 -4.39
1742868759.340779 0.061 0.168 -0.001 -0.21 1.77 -4.28
1742868759.440797 0.069 0.161 -0.001 -0.28 1.57 -4.19
1742868759.540775 0.064 0.16 -0.008 -0.32 1.31 -3.71
1742868759.640798 0.064 0.138 -0.003 0.04 1.36 -3.33
1742868759.740788 0.059 0.134 -0.004 -0.06 1.51 -3.15
1742868759.840769 0.054 0.14 -0.011 -0.21 1.35 -3.18
1742868759.940789 0.055 0.145 -0.004 0.15 1.56 -3.35
1742868760.50798 0.059 0.124 -0.002 0.13 1.47 -3.35
1742868760.140789 0.057 0.138 -0.001 0.2 1.41 -3.63
1742868760.240783 0.053 0.151 -0.007 0.07 1.29 -3.86
1742868760.340755 0.051 0.179 -0.005 0.2 1.39 -4.1
1742868760.440773 0.063 0.149 -0.004 -0.12 1.53 -4.47
1742868760.540799 0.061 0.175 -0.014 -0.19 1.19 -4.28
1742868760.640783 0.061 0.184 -0.006 -0.17 1.51 -4.12
1742868760.740798 0.061 0.168 -0.005 -0.09 1.43 -3.47
1742868760.850771 0.064 0.14 0.002 -0.19 1.69 -2.66
1742868760.940803 0.068 0.109 -0.005 -0.28 1.69 -1.87
1742868761.40786 0.066 0.1 -0.002 -0.19 1.62 -1.13
1742868761.140756 0.074 0.093 0.006 0.19 2.05 -0.87
1742868761.240801 0.064 0.064 0 -0.04 2.15 -0.74
1742868761.340782 0.066 0.081 0 0.27 1.65 -0.96
1742868761.440829 0.074 0.091 0.002 0.25 1.69 -1.37
1742868761.540780 0.059 0.107 -0.005 0.09 1.71 -1.57
1742868761.640773 0.059 0.101 -0.009 -0.08 1.42 -2.13
1742868761.740771 0.059 0.118 -0.003 0.16 1.37 -2.82
1742868761.840784 0.057 0.153 -0.009 0.08 1.31 -3.36
1742868761.940795 0.07 0.158 -0.006 -0.21 1.46 -4.01
1742868762.40779 0.071 0.184 0 -0.12 1.48 -4
1742868762.140758 0.06 0.165 -0.008 -0.32 1.43 -3.38
1742868762.250807 0.057 0.138 -0.005 -0.17 1.59 -2.68
1742868762.340780 0.064 0.103 -0.005 -0.2 1.57 -2
1742868762.433681 0.063 0.1 0.002 -0.14 1.68 -1.51
1742868762.540801 0.061 0.089 -0.003 -0.08 1.6 -1.21
1742868762.640793 0.065 0.088 -0.01 -0.06 1.46 -1.23
1742868762.740798 0.056 0.117 -0.012 0.08 1.2 -1.28
1742868762.840778 0.058 0.094 -0.004 -0.06 1.6 -1.8
1742868762.940795 0.054 0.106 -0.006 -0.17 1.4 -2.22
1742868763.50795 0.057 0.101 -0.014 -0.43 1.44 -2.55
1742868763.140786 0.05 0.109 -0.007 -0.46 1.25 -2.3
1742868763.240803 0.058 0.121 -0.013 -0.46 1.23 -2.35
1742868763.350794 0.051 0.1 -0.012 -0.47 1.15 -2.38
1742868763.440801 0.035 0.108 -0.018 -0.19 0.87 -2.41
1742868763.540787 0.038 0.067 -0.021 -0.27 1.19 -3.25
1742868763.640746 0.035 0.054 -0.018 -0.55 1.11 -4.19
1742868763.740798 0.037 -0.022 -0.021 -0.8 1.29 -5.11
1742868763.840793 0.023 -0.038 -0.026 -1.15 1.2 -5.49
1742868763.940794 0.022 -0.082 -0.025 -1.28 1.12 -5.89
1742868764.50788 0.024 -0.123 -0.031 -1.1 0.71 -6.1
1742868764.150786 0.026 -0.136 -0.021 -0.94 1.06 -6.12
1742868764.240794 -0.008 -0.153 -0.028 -0.85 1.19 -5.17
1742868764.350780 0.001 -0.194 -0.02 -1.03 1.02 -4.68
1742868764.450790 0.004 -0.233 -0.008 -0.71 1.23 -3.95
1742868764.540788 -0.003 -0.293 -0.012 -0.87 1.21 -2.97
1742868764.656025 -0.004 -0.327 -0.015 -1 1.15 -2.3
1742868764.840804 0.042 -0.432 -0.013 -0.32 2.27 -2.21
1742868764.940769 0.031 -0.427 -0.007 -0.4 2.21 -2.19
1742868765.50789 0.015 -0.444 -0.005 -0.12 1.8 -2.11
1742868765.140805 0.021 -0.467 0 0.02 2.11 -2.23
1742868765.250813 0.011 -0.506 -0.001 -0.08 2.2 -2.43
1742868765.350794 0.014 -0.526 0 -0.19 2 -2.9
1742868765.450801 0 -0.569 -0.016 -0.04 1.98 -2.73
1742868765.545954 0.006 -0.641 -0.029 -0.32 1.97 -2.74
1742868765.750792 0.007 -0.713 -0.004 0.98 2.83 -2.37
1742868765.840824 -0.014 -0.737 -0.005 0.62 2.66 -1.58
1742868765.950786 -0.021 -0.746 0.008 0.07 2.86 -0.91
1742868766.50794 -0.019 -0.752 0.019 0.2 2.86 -0.53
1742868766.140790 -0.023 -0.805 0.021 0.02 2.82 -0.89
1742868766.250795 -0.025 -0.821 0.015 0.09 2.86 -1.39
1742868766.350789 -0.01 -0.903 0.009 -0.18 2.86 -2.23
1742868766.440775 -0.016 -0.926 0.024 -0.09 2.86 -2.61
1742868766.546036 -0.017 -0.971 0.005 -0.26 2.86 -3.15
1742868766.740777 -0.028 -1.074 0.011 -0.34 2.86 -4.28
1742868766.840796 -0.027 -1.155 0.002 -0.68 2.86 -4.8
1742868766.950821 -0.036 -1.172 0.003 -0.53 2.86 -4.88
1742868767.50788 -0.044 -1.196 0.002 -0.54 2.86 -5.05
1742868767.140759 -0.054 -1.237 0.008 -0.66 2.86 -5.01
1742868767.246035 -0.048 -1.275 0.004 -0.78 2.86 -5.13
1742868767.450808 -0.036 -1.384 0.013 -0.86 2.86 -5.32
1742868767.540783 -0.04 -1.423 0.019 -0.96 2.86 -4.92
1742868767.650789 -0.045 -1.455 0.017 -0.79 2.86 -4.36
1742868767.740786 -0.051 -1.508 0.013 -0.52 2.86 -3.95
1742868767.850808 -0.052 -1.541 0.019 -0.64 2.86 -3.79
1742868767.946041 -0.057 -1.589 0.019 -0.62 2.86 -3.74
1742868768.140785 -0.055 -1.711 0.007 -0.79 2.86 -3.89
1742868768.250776 -0.046 -1.754 -0.003 -0.91 2.86 -4.32
1742868768.350825 -0.054 -1.781 -0.002 -0.96 2.86 -4.78
1742868768.440750 -0.068 -1.841 -0.004 -0.8 2.86 -4.97
1742868768.540784 -0.065 -1.876 -0.004 -0.75 2.86 -5.33
1742868768.646093 -0.072 -1.926 -0.002 -0.77 2.86 -5.53
1742868768.850802 -0.075 -2.052 -0.008 -0.69 2.86 -5.63
1742868768.950784 -0.085 -2.091 -0.008 -0.46 2.86 -5.26
1742868769.40818 -0.096 -2.131 -0.005 -0.63 2.86 -5.1
1742868769.140784 -0.097 -2.179 -0.01 -0.42 2.86 -5.03
1742868769.256051 -0.1 -2.237 -0.01 -0.42 2.86 -5
1742868769.440775 -0.125 -2.328 0.013 -0.74 2.86 -5.43
1742868769.540791 -0.137 -2.369 0.022 -0.93 2.86 -5.78
1742868769.650792 -0.14 -2.394 0.019 -0.87 2.86 -6.07
1742868769.750805 -0.149 -2.44 0.018 -0.88 2.86 -6.13
1742868769.840787 -0.154 -2.482 0.024 -0.83 2.86 -6.09
1742868769.956122 -0.157 -2.54 0.022 -0.86 2.86 -5.61
1742868770.140770 -0.163 -2.652 0.03 -0.81 2.86 -4.19
1742868770.250788 -0.172 -2.691 0.027 -0.52 2.86 -3.53
1742868770.350789 -0.175 -2.731 0.032 -0.65 2.86 -3.15
1742868770.450779 -0.18 -2.79 0.039 -0.7 2.86 -2.76
1742868770.540776 -0.189 -2.838 0.044 -0.7 2.86 -2.52
1742868770.656108 -0.187 -2.875 0.05 -0.88 2.86 -2.35
1742868770.850774 -0.187 -3.003 0.047 -1.08 2.86 -2.04
1742868770.940772 -0.194 -3.052 0.038 -1.04 2.86 -1.52
1742868771.50764 -0.196 -3.088 0.045 -0.87 2.86 -1.22
1742868771.140741 -0.193 -3.134 0.044 -0.93 2.86 -0.9
1742868771.245998 -0.193 -3.182 0.044 -0.78 2.86 -0.48
1742868771.450790 -0.198 -3.279 0.059 -0.9 2.86 0.55
1742868771.550723 -0.189 -3.346 0.053 -0.83 2.86 0.66
1742868771.650800 -0.189 -3.386 0.05 -0.85 2.86 0.48
1742868771.846045 -0.197 -3.493 0.05 -0.96 2.86 -1.09
1742868772.140742 -0.195 -3.663 0.061 -0.88 2.86 -2.41
1742868772.260794 -0.202 -3.7 0.06 -0.86 2.86 -2.64
1742868772.350787 -0.209 -3.756 0.067 -0.92 2.86 -2.78
1742868772.456113 -0.206 -3.819 0.061 -1.11 2.86 -2.6
1742868772.650789 -0.205 -3.959 0.066 -1.33 2.86 -1.43
1742868772.750788 -0.214 -4.007 0.071 -1.24 2.86 -0.69
1742868772.950782 -0.206 -4.097 0.069 -1.13 2.86 0.11
1742868773.46088 -0.206 -4.142 0.069 -1 2.86 0.3
1742868773.250800 -0.206 -4.247 0.067 -1.01 2.86 0.05
1742868773.350833 -0.21 -4.305 0.071 -1.28 2.86 -0.16
1742868773.550787 -0.211 -4.394 0.076 -0.99 2.86 -1.15
1742868773.650792 -0.213 -4.423 0.074 -0.9 2.86 -1.72
1742868773.746083 -0.208 -4.483 0.086 -1.23 2.86 -1.62
1742868774.140817 -0.217 -4.628 0.077 -1.23 2.86 -1.98
1742868774.240792 -0.215 -4.684 0.069 -1.23 2.86 -1.94
1742868774.340786 -0.217 -4.734 0.08 -1.29 2.86 -1.95
1742868774.546031 -0.218 -4.836 0.083 -1.29 2.86 -2.43
1742868774.840741 -0.227 -4.979 0.092 -1.17 2.86 -1.98
1742868774.950813 -0.231 -5.015 0.084 -1.14 2.86 -1.86
1742868775.40798 -0.221 -5.09 0.072 -0.96 2.86 -0.85
1742868775.146096 -0.236 -5.136 0.092 -1.14 2.86 -0.31
1742868775.440784 -0.233 -5.268 0.08 -1.03 2.86 2.12
1742868775.530800 -0.233 -5.302 0.072 -1.11 2.86 2.45
1742868775.640814 -0.241 -5.351 0.073 -1.21 2.86 2.28
1742868775.740783 -0.225 -5.397 0.073 -0.96 2.86 2.86
1742868775.856053 -0.212 -5.45 0.079 -1.22 2.86 3.02
1742868776.130784 -0.21 -5.607 0.1 -1.3 2.86 4.18
1742868776.240785 -0.199 -5.652 0.1 -1.24 2.86 4.9
1742868776.340789 -0.184 -5.709 0.1 -1.2 2.86 5.67
1742868776.446085 -0.175 -5.754 0.1 -0.74 2.86 6.12
1742868776.750796 -0.223 -5.861 0.1 -0.76 2.86 4.51
1742868776.840786 -0.223 -5.88 0.082 -0.8 2.86 3.78
1742868776.950784 -0.244 -5.897 0.068 -0.75 2.86 2.66
1742868777.50750 -0.223 -5.938 0.073 -0.93 2.86 2.3
1742868777.140810 -0.206 -5.989 0.099 -1.06 2.86 2.08
1742868777.250779 -0.206 -6.014 0.1 -1.23 2.86 1.33
1742868777.340785 -0.18 -6.041 0.1 -1.53 2.86 1.22
1742868777.446116 -0.147 -6.092 0.1 -1.75 2.86 1.38
1742868777.740806 -0.136 -6.201 0.1 -1.29 2.86 1.27
1742868777.840787 -0.139 -6.239 0.1 -1.28 2.86 1.31
1742868777.930777 -0.132 -6.287 0.1 -1.31 2.86 1.56
1742868778.40782 -0.149 -6.323 0.1 -1.06 2.86 1.51
1742868778.140804 -0.141 -6.385 0.099 -1.01 2.86 1.66
1742868778.246096 -0.144 -6.405 0.096 -0.93 2.86 1.84
1742868778.530781 -0.175 -6.528 0.1 -1.04 2.86 1.74
1742868778.640781 -0.178 -6.565 0.1 -1.27 2.86 1.5
1742868778.740807 -0.203 -6.598 0.1 -1.29 2.86 1.13
1742868778.840813 -0.228 -6.631 0.1 -1.37 2.86 0.73
1742868778.940792 -0.239 -6.668 0.1 -1.38 2.86 0.48
1742868779.40759 -0.219 -6.688 0.1 -1.35 2.86 0.74
1742868779.146136 -0.199 -6.714 0.089 -1.22 2.86 1.05
1742868779.540766 -0.21 -6.854 0.09 -1.16 2.86 3.25
1742868779.640801 -0.217 -6.9 0.088 -1.18 2.86 3.84
1742868779.730803 -0.202 -6.929 0.076 -1.09 2.86 4.46
1742868779.840785 -0.198 -6.976 0.079 -0.92 2.86 5.09
1742868779.940802 -0.209 -7.004 0.082 -0.96 2.86 5.16
1742868780.150794 -0.186 -7.081 0.083 -0.89 2.86 5.04
1742868780.540786 -0.163 -7.205 0.072 -0.74 2.86 3.33
1742868780.650793 -0.154 -7.235 0.094 -0.98 2.86 3.15
1742868780.750795 -0.164 -7.266 0.078 -0.9 2.86 2.63
1742868780.840796 -0.143 -7.282 0.076 -0.88 2.86 2.44
1742868780.950781 -0.114 -7.322 0.085 -0.95 2.86 2.47
1742868781.46327 -0.098 -7.342 0.085 -1.01 2.86 2.18
1742868781.550783 -0.071 -7.456 0.041 0.79 2.39 1.04
1742868781.640795 -0.1 -7.494 0.1 1.14 2.86 0.95
1742868781.750824 -0.107 -7.548 0.05 1.95 2.86 0.82
1742868781.850791 -0.118 -7.584 0.087 1.98 2.86 0.5
1742868781.950782 -0.103 -7.638 0.078 2.55 2.86 0.3
1701998435.875442234 -0.104 -7.678 0.078 1.83016e+07 1.75135e+07 1.39929e+07
1742868782.540783 -0.085 -7.926 0.053 2.86 2.8 -0.5
1742868782.646685 -0.097 -7.981 0.1 2.86 2.86 -0.24
1742868783.140786 -0.011 -8.186 0.059 2.86 0.3 6.75
1742868783.240779 -0.018 -8.201 0.046 2.86 -0.48 7.24
1742868783.360793 -0.007 -8.246 0.049 2.86 -1.03 7.5
979726959.926232112 -0.017 -8.282 -1.61061e+06 1.63454e+07 1.76845e+07 1.66641e+07
1742868783.960820 0.029 -8.534 0.081 2.86 -1.29 7.4
1742868784.60790 0.02 -8.509 0.052 2.86 -0.74 7.62
1742868784.150794 0.03 -8.558 0.041 2.86 -0.89 7.78
1701998435.858665018 0.028 -8.601 0.061 1.83016e+07 1.75135e+07 1.39929e+07
1742868784.770788 0.071 -8.822 0.029 2.86 -1.13 7.81
1742868784.870789 0.086 -8.854 0.035 2.86 -0.93 7.89
1742868784.960810 0.08 -8.874 0.03 2.86 -0.69 7.99
1701998435.825110586 0.092 -8.927 0.032 1.83016e+07 1.75135e+07 1.39929e+07
1742868785.590787 0.112 -9.061 -0.02 2.86 -0.91 6.51
1742868785.680763 0.135 -9.134 -0.002 2.86 -1.15 5.83
1742868785.770794 0.145 -9.171 0.017 2.81 -0.77 5.4
1742868785.880836 0.131 -9.196 -0.02 2.86 -1.23 5.04
1701998435.825110586 0.127 -9.225 0 1.83016e+07 1.75135e+07 1.39929e+07
1742868786.460772 0.158 -9.475 -0.027 2.86 -1.04 5.76
1742868786.560799 0.154 -9.5 -0.053 2.86 -0.92 6.05
1742868786.687379 0.173 -9.572 -0.01 2.86 -1.11 6.45
1742868787.160787 0.21 -9.807 -0.004 2.81 -0.89 8.21
1742868787.280782 0.222 -9.843 -0.046 2.86 -1.28 8.24
1701998435.808333370 0.226 -9.885 -0.051 1.83016e+07 1.75135e+07 1.39929e+07
1742868787.870791 0.261 -10.081 -0.063 2.86 -0.63 6.23
1742868787.970786 0.263 -10.131 -0.034 2.86 -0.81 5.9
1742868788.60854 0.25 -10.168 -0.076 2.86 -0.78 5.63
1701998435.808333370 0.253 -10.224 -0.071 1.83016e+07 1.75135e+07 1.39929e+07
1742868788.670781 0.277 -10.502 -0.043 2.76 -0.83 7.12
1830161056.1751348321 0.274 -10.549 -0.068 2.6 -1.06 7.86
1742868789.280792 0.339 -10.765 -0.084 2.86 -1.14 8.06
1742868789.380795 0.354 -10.807 -0.056 2.86 -0.99 7.29
1701998435.808333370 0.355 -10.857 -0.1 1.83016e+07 1.75135e+07 1.39929e+07
1742868789.970785 0.372 -11.114 -0.095 2.78 -0.75 4.5
1742868790.80779 0.357 -11.156 -0.1 2.86 -0.98 4.6
1830161056.1751348321 0.372 -11.211 -0.1 2.86 -0.77 4.75
1742868790.670781 0.374 -11.44 -0.1 2.75 -1 7.37
1742868790.780792 0.367 -11.48 -0.1 2.86 -1.03 7.87
980645236.1768700721 0.372 -11.518 -0.1 1.93771e+07 1.86984e+07 1.63501e+07
1742868791.380790 0.4 -11.663 -0.1 2.86 -1.25 7.2
1742868791.480783 0.397 -11.702 -0.1 2.86 -1.12 6.51
1742868791.580799 0.416 -11.745 -0.1 2.86 -1.03 5.98
1742868791.680794 0.414 -11.783 -0.1 2.86 -0.94 5.62
1742868791.780776 0.415 -11.804 -0.1 2.86 -0.8 5.44
980645236.1768700721 0.425 -11.833 -0.1 1.93771e+07 1.86984e+07 1.63501e+07
1742868792.380746 0.419 -12.056 -0.1 2.86 -0.98 4.38
1742868792.480782 0.431 -12.122 -0.1 2.86 -1.1 4.49
1701998435.808333370 0.423 -12.166 -0.1 1.83016e+07 1.75135e+07 1.39929e+07
1742868792.710801 0.421 -12.244 -0.1 2.86 -1.1 5.09
1742868793.80780 0.461 -12.437 -0.1 2.71 -1.23 5.7
1701998435.808333370 0.458 -12.473 -0.1 1.83016e+07 1.75135e+07 1.39929e+07
1742868793.680788 0.466 -12.706 -0.1 2.74 -1.26 7.56
1742868793.780816 0.472 -12.759 -0.1 2.86 -1.48 8.13
980645236.1768700721 0.487 -12.8 -0.1 1.93771e+07 1.86984e+07 1.63501e+07
1742868794.380798 0.522 -13.081 -0.1 2.86 -1.69 11.54
1742868794.620800 0.535 -13.18 -0.1 2.86 -1.57 12.56
1742868794.980794 0.581 -13.248 -0.1 1.14 -1.17 12.7
1742868795.90824 0.577 -13.302 -0.1 0.74 -1.34 12.61
1742868795.190783 0.552 -13.328 -0.1 0.42 -1.31 12.5
1742868795.290749 0.602 -13.395 -0.1 -0.21 -0.51 12.92
1701998435.808333370 0.602 -13.43 -0.1 1.83016e+07 1.75135e+07 1.39929e+07
980645236.1768700721 0.691 -13.722 -0.1 1.93771e+07 1.86984e+07 1.63501e+07
1742868796.20802 0.723 -13.722 -0.074 -2.86 -0.1 23.5
1742868796.390802 0.761 -13.823 -0.068 -2.86 1.61 29.35
1742868796.490800 0.766 -13.892 -0.1 -2.86 1.65 30.84
1742868796.580808 0.802 -13.918 -0.1 -2.86 1.24 32.59
1742868796.690795 0.806 -13.924 -0.082 -2.86 2.13 34.03
1742868796.790785 0.835 -13.975 -0.1 -2.86 2.33 35.78
980645236.1768700721 0.872 -14.003 -0.1 1.93771e+07 1.86984e+07 1.63501e+07
1742868797.10806 0.902 -14.034 -0.1 -2.86 1.93 40.07
1742868797.390785 0.974 -14.123 -0.087 -2.86 2.86 47.4
1742868797.490789 1.003 -14.125 -0.098 -2.86 2.86 48.92
1742868797.590819 1.017 -14.123 -0.1 -2.86 2.86 50.1
1742868797.690782 1.036 -14.127 -0.065 -2.86 2.86 50.85
1742868797.790783 1.087 -14.129 -0.089 -2.86 2.86 51.44
980645236.1768700721 1.118 -14.177 -0.1 1.93771e+07 1.86984e+07 1.63501e+07
1742868798.10773 1.146 -14.171 -0.1 -2.86 2.86 53.06
1742868798.380783 1.299 -14.289 -0.1 -2.86 2.86 60.09
1742868798.490779 1.343 -14.287 -0.088 -2.86 2.86 61.5
1742868798.590782 1.367 -14.281 -0.1 -2.86 2.86 62.51
1742868798.680792 1.385 -14.284 -0.1 -2.86 2.86 62.88
1830161056.1751348321 1.397 -14.302 -0.1 -2.86 2.86 63.18
1742868799.762 1.477 -14.344 -0.088 -2.86 2.86 64.39
1742868799.280791 1.626 -14.421 -0.09 -2.57 2.86 67.17
1742868799.380779 1.669 -14.429 -0.095 -2.6 2.86 68.14
1701998435.808333370 1.687 -14.445 -0.1 1.83016e+07 1.75135e+07 1.39929e+07
1742868799.880757 1.862 -14.44 -0.081 -2.37 2.86 76.46
1742868799.990784 1.889 -14.429 -0.079 -2.47 2.86 77.85
1742868800.90827 1.918 -14.462 -0.097 -2.38 2.86 78.86
1742868800.180786 1.934 -14.473 -0.083 -2.16 2.86 79.63
1701998435.808333370 1.987 -14.465 -0.09 1.83016e+07 1.75135e+07 1.39929e+07
1742868800.690814 2.132 -14.483 -0.1 -1.89 2.86 82.69
1742868800.790790 2.175 -14.502 -0.085 -1.76 2.86 83.36
1742868800.880779 2.213 -14.503 -0.098 -1.79 2.86 84.04
1742868800.980791 2.25 -14.495 -0.1 -1.88 2.86 84.81
1701998435.808333370 2.29 -14.524 -0.075 1.83016e+07 1.75135e+07 1.39929e+07
1742868801.480807 2.418 -14.528 -0.083 -1.46 2.86 87.05
1742868801.590755 2.455 -14.554 -0.072 -1.58 2.86 86.96
1742868801.700783 2.488 -14.556 -0.08 -1.63 2.86 86.72
1742868801.790801 2.542 -14.554 -0.076 -1.64 2.86 86.64
980645236.1768700721 2.602 -14.549 -0.091 1.93771e+07 1.86984e+07 1.63501e+07
1742868802.280805 2.842 -14.534 -0.078 -1.54 2.86 89.34
1742868802.380806 2.888 -14.53 -0.076 -1.48 2.86 90.24
1701998435.808333370 2.918 -14.524 -0.086 1.83016e+07 1.75135e+07 1.39929e+07
1742868802.970785 3.062 -14.568 -0.081 -1.39 2.86 90.49
1742868803.80815 3.117 -14.569 -0.07 -1.13 2.86 89.99
1742868803.180783 3.164 -14.564 -0.068 -1.36 2.86 89.57
1742868803.280786 3.211 -14.547 -0.072 -1.64 2.86 89.41
1701998435.808333370 3.271 -14.54 -0.067 1.83016e+07 1.75135e+07 1.39929e+07
1742868803.870806 3.457 -14.544 -0.067 -1.55 2.86 90.53
1701998435.808333370 3.579 -14.545 -0.044 1.83016e+07 1.75135e+07 1.39929e+07
1742868804.680826 3.799 -14.526 -0.071 -1.67 2.86 89.95
1742868804.780794 3.839 -14.519 -0.065 -1.82 2.86 89.96
980645236.1768700721 3.925 -14.514 -0.053 1.93771e+07 1.86984e+07 1.63501e+07
1742868805.380790 4.13 -14.507 -0.047 -1.69 2.86 92.78
1742868805.470781 4.178 -14.478 -0.051 -1.75 2.86 93.3
1742868805.570786 4.221 -14.505 -0.024 -1.58 2.86 93.73
1701998435.808333370 4.24 -14.515 -0.037 1.83016e+07 1.75135e+07 1.39929e+07
1742868806.180782 4.413 -14.531 -0.029 -1.56 2.86 90.84
1742868806.270784 4.475 -14.513 -0.033 -1.69 2.86 90.25
1742868806.370831 4.538 -14.503 -0.03 -1.74 2.86 89.9
1701998435.808333370 4.583 -14.496 -0.028 1.83016e+07 1.75135e+07 1.39929e+07
1742868806.980784 4.815 -14.503 0.004 -1.44 2.86 92.36
1742868807.90743 4.816 -14.501 -0.007 -1.75 2.86 92.32
1742868807.180790 4.858 -14.512 -0.005 -1.84 2.86 92.14
1742868807.270778 4.877 -14.506 -0.018 -1.81 2.86 91.85
1701998435.808333370 4.914 -14.511 -0.017 1.83016e+07 1.75135e+07 1.39929e+07
980645236.1768700721 5.216 -14.481 -0.003 1.93771e+07 1.86984e+07 1.63501e+07
1742868808.380760 5.465 -14.455 0 -1.85 2.86 92.78
1742868808.490795 5.449 -14.488 0.01 -1.81 2.86 93.11
1742868808.580806 5.5 -14.499 0.026 -1.77 2.86 93.08
1701998435.808333370 5.519 -14.493 0.026 1.83016e+07 1.75135e+07 1.39929e+07
1742868809.180834 5.753 -14.484 0.022 -2.06 2.86 91.78
1742868809.270782 5.772 -14.472 0.019 -2.15 2.86 91.73
1742868809.387183 5.839 -14.463 0.022 -2.35 2.86 91.84
1742868809.880784 6.098 -14.431 0.026 -2.08 2.86 93.96
1701998435.808333370 6.146 -14.437 0.038 1.83016e+07 1.75135e+07 1.39929e+07
1742868810.480783 6.375 -14.453 0.051 -1.74 2.86 93.66
1742868810.580802 6.415 -14.453 0.056 -1.56 2.86 93.51
1701998435.808333370 6.46 -14.427 0.037 1.83016e+07 1.75135e+07 1.39929e+07
1742868811.180857 6.661 -14.377 0.06 -1.89 2.86 94.53
1742868811.280784 6.689 -14.393 0.053 -1.99 2.86 94.77
1742868811.370778 6.733 -14.427 0.078 -1.96 2.86 94.73
1701998435.808333370 6.767 -14.439 0.091 1.83016e+07 1.75135e+07 1.39929e+07
1701998435.808333370 7.071 -14.379 0.072 1.83016e+07 1.75135e+07 1.39929e+07
1742868812.480773 7.365 -14.332 0.1 -1.79 2.86 96.06
1701998435.825110586 7.406 -14.333 0.098 1.83016e+07 1.75135e+07 1.39929e+07
1742868813.70785 7.557 -14.36 0.1 -1.48 2.86 97.72
1742868813.180849 7.609 -14.34 0.083 -1.35 2.86 97.32
1742868813.280781 7.675 -14.348 0.1 -1.45 2.86 96.99
1701998435.808333370 7.754 -14.33 0.1 1.83016e+07 1.75135e+07 1.39929e+07
1742868813.870791 7.972 -14.268 0.1 -1.41 2.86 98.86
1742868813.980833 7.998 -14.27 0.1 -1.52 2.86 98.94
1742868814.70816 8.039 -14.264 0.1 -1.57 2.86 98.84
1742868814.180787 8.044 -14.286 0.1 -1.62 2.86 98.47
1742868814.287173 8.093 -14.293 0.1 -1.73 2.86 97.88
1742868814.780788 8.375 -14.221 0.1 -1.83 2.86 95.79
980645236.1768700721 8.438 -14.204 0.1 1.93771e+07 1.86984e+07 1.63501e+07
1742868815.370783 8.698 -14.169 0.1 -1.51 2.86 97.67
1742868815.470784 8.711 -14.183 0.1 -1.59 2.86 97.69
1742868815.580791 8.734 -14.179 0.098 -1.74 2.86 97.34
1701998435.808333370 8.772 -14.204 0.1 1.83016e+07 1.75135e+07 1.39929e+07
1742868815.880795 8.885 -14.176 0.1 -1.62 2.86 95.56
1701998435.808333370 9.058 -14.082 0.1 1.83016e+07 1.75135e+07 1.39929e+07
1742868816.270780 9.156 -14.053 0.1 -1.32 2.86 96.57
1742868816.570786 9.219 -14.096 0.1 -1.35 2.86 97.6
1742868816.670788 9.255 -14.094 0.1 -1.35 2.86 97.79
1742868816.760785 9.281 -14.057 0.1 -1.45 2.86 98
1742868816.880801 9.296 -14.086 0.1 -1.45 2.86 98.15
1742868816.970776 9.314 -14.091 0.1 -1.52 2.86 98.04
1742868817.70797 9.344 -14.101 0.1 -1.51 2.86 97.7
1701998435.808333370 9.362 -14.121 0.1 1.83016e+07 1.75135e+07 1.39929e+07
1742868817.460782 9.503 -14.117 0.1 -1.58 2.86 94.52
1742868817.670782 9.629 -14.082 0.1 -1.88 2.86 93.15
1701998435.808333370 9.708 -14.051 0.1 1.83016e+07 1.75135e+07 1.39929e+07
1742868818.814 9.837 -14.032 0.1 -1.64 2.86 93.3
1742868818.270784 9.981 -13.985 0.1 -1.71 2.86 94.38
1701998435.808333370 10.025 -13.969 0.1 1.83016e+07 1.75135e+07 1.39929e+07
1742868818.770800 10.157 -14.001 0.1 -1.82 2.86 96.11
1742868818.870781 10.229 -14.008 0.1 -1.96 2.86 96.04
1742868818.970786 10.233 -14.028 0.1 -1.86 2.86 95.84
1742868819.70783 10.274 -14.025 0.1 -1.84 2.86 95.45
1742868819.170785 10.312 -14.029 0.1 -1.84 2.86 94.89
1701998435.808333370 10.351 -14.036 0.1 1.83016e+07 1.75135e+07 1.39929e+07
1742868819.670818 10.579 -14.006 0.1 -1.47 2.86 92.07
1742868819.780763 10.58 -14.02 0.1 -1.65 2.86 91.74
1742868819.870782 10.626 -13.984 0.1 -1.6 2.86 91.55
1742868819.977102 10.651 -13.983 0.1 -1.66 2.86 91.48
1742868820.370830 10.673 -13.982 0.1 -1.5 2.86 91.46
1742868820.460816 10.679 -13.98 0.1 -1.62 2.86 91.39
1742868820.560788 10.682 -13.973 0.1 -1.56 2.86 91.42
1742868820.670784 10.682 -13.975 0.1 -1.54 2.86 91.46
1742868820.760799 10.685 -13.978 0.1 -1.58 2.86 91.46
1742868820.860799 10.683 -13.975 0.1 -1.62 2.86 91.47
1742868820.970751 10.691 -13.981 0.1 -1.61 2.86 91.48
1742868821.60795 10.688 -13.983 0.1 -1.5 2.86 91.43
1742868821.160793 10.678 -13.97 0.1 -1.6 2.86 91.42
1742868821.260782 10.686 -13.976 0.1 -1.61 2.86 91.46
1742868821.360788 10.695 -13.982 0.1 -1.61 2.86 91.42
1742868821.460775 10.689 -13.981 0.1 -1.52 2.86 91.42
1742868821.560792 10.682 -13.975 0.1 -1.64 2.86 91.47
1742868821.670784 10.701 -13.987 0.1 -1.57 2.86 91.47
1742868821.770781 10.684 -13.978 0.1 -1.57 2.86 91.51
1742868821.860785 10.68 -13.976 0.1 -1.62 2.86 91.52
1742868821.960806 10.689 -13.982 0.1 -1.55 2.86 91.5
1742868822.60787 10.678 -13.976 0.1 -1.6 2.86 91.5
1742868822.170803 10.687 -13.978 0.1 -1.57 2.86 91.5
1742868822.670784 10.69 -13.978 0.1 -1.55 2.86 91.47
1742868823.270785 10.688 -13.983 0.1 -1.53 2.86 91.46
1742868823.460767 10.683 -13.976 0.1 -1.57 2.86 91.44
1742868823.560809 10.691 -13.977 0.1 -1.54 2.86 91.44
1742868823.670810 10.682 -13.975 0.1 -1.55 2.86 91.45
1742868823.860816 10.687 -13.979 0.1 -1.55 2.86 91.44
1742868823.970792 10.688 -13.976 0.1 -1.56 2.86 91.46
1742868824.70799 10.692 -13.977 0.1 -1.55 2.86 91.47
1742868824.170786 10.689 -13.981 0.1 -1.55 2.86 91.47
1742868824.270800 10.693 -13.978 0.1 -1.56 2.86 91.48
1742868824.460797 10.683 -13.983 0.1 -1.56 2.86 91.49
1742868824.560780 10.694 -13.98 0.1 -1.56 2.86 91.48
1742868824.670784 10.683 -13.976 0.1 -1.58 2.86 91.51
1742868824.770791 10.683 -13.979 0.1 -1.57 2.86 91.51
1742868824.960785 10.683 -13.975 0.1 -1.54 2.86 91.52
1742868825.60777 10.676 -13.975 0.1 -1.54 2.86 91.52
