$GPGGA,062301.00,3633.7525360,N,11909.7468002,E,4,53,0.7,99.707,M,1.450,M,2.000,3863*46
#INSPVAA,COM3,0,81.9,FINESTEERING,2358,195799.500,00000000,01e5,781;2358,195799.500000000,36.56255087043,119.16244595944,101.1384,1.9042,-0.0907,0.0707,-177.484808608,5.906139967,356.575819409,INS_ALIGNMENT_COMPLETE*fceb88bc
$GPGGA,062301.50,3633.7530110,N,11909.7467936,E,4,53,0.7,99.708,M,1.450,M,2.500,3863*49
#INSPVAA,COM3,0,81.1,FINESTEERING,2358,195800.000,00000000,03d9,781;2358,195800.000000000,36.56255930343,119.16244630568,101.1629,1.9777,-0.0074,0.0275,-177.341768109,5.995710156,357.029713328,INS_ALIGNMENT_COMPLETE*26afa16a
$GPGGA,062302.00,3633.7534858,N,11909.7467834,E,4,53,0.7,99.722,M,1.450,M,1.000,3863*43
#INSPVAA,COM3,0,81.1,FINESTEERING,2358,195800.500,00000000,01e5,781;2358,195800.500000000,36.56256720342,119.16244643869,101.1711,1.9305,0.0298,-0.0483,-177.368328653,5.924137682,357.240638565,INS_ALIGNMENT_COMPLETE*397af1ea
$GPGGA,062302.50,3633.7539558,N,11909.7467807,E,4,53,0.7,99.731,M,1.450,M,1.500,3863*41
#INSPVAA,COM3,0,80.7,FINESTEERING,2358,195801.000,00000000,03d9,781;2358,195801.000000000,36.56257462404,119.16244671069,101.1817,1.8336,-0.0016,0.0526,-177.459953552,6.247338986,357.346221108,INS_ALIGNMENT_COMPLETE*e06f4f68
$GPGGA,062303.00,3633.7544235,N,11909.7467793,E,4,53,0.7,99.745,M,1.450,M,1.000,3863*47
#INSPVAA,COM3,0,80.7,FINESTEERING,2358,195801.500,00000000,01e5,781;2358,195801.500000000,36.56258234015,119.16244661037,101.1993,1.8102,0.0241,0.0069,-177.587909951,6.399418920,357.851844721,INS_ALIGNMENT_COMPLETE*2d73129f
$GPGGA,062303.50,3633.7548951,N,11909.7467718,E,4,53,0.7,99.762,M,1.450,M,1.500,3863*44
#INSPVAA,COM3,0,80.8,FINESTEERING,2358,195802.000,00000000,03d9,781;2358,195802.000000000,36.56258985623,119.16244625823,101.2189,1.7893,-0.0373,-0.0087,-177.856533138,6.431223049,357.685590549,INS_ALIGNMENT_COMPLETE*22d27d64
$GPGGA,062304.00,3633.7553806,N,11909.7467666,E,4,53,0.7,99.781,M,1.450,M,1.000,3863*4F
#INSPVAA,COM3,0,80.8,FINESTEERING,2358,195802.500,00000000,01e5,781;2358,195802.500000000,36.56259801850,119.16244599311,101.2387,1.7453,0.0292,0.0232,-177.855739752,6.704068984,357.443120768,INS_ALIGNMENT_COMPLETE*a0d6e805
$GPGGA,062304.50,3633.7558825,N,11909.7467617,E,4,53,0.7,99.797,M,1.450,M,1.500,3863*44
#INSPVAA,COM3,0,80.6,FINESTEERING,2358,195803.000,00000000,03d9,781;2358,195803.000000000,36.56260620334,119.16244554825,101.2618,1.9351,-0.1202,0.0202,-177.848834281,6.851531273,357.340821510,INS_ALIGNMENT_COMPLETE*bf73abd7
$GPGGA,062305.00,3633.7563958,N,11909.7467583,E,4,53,0.7,99.811,M,1.450,M,1.000,3863*49
#INSPVAA,COM3,0,80.6,FINESTEERING,2358,195803.500,00000000,01e5,781;2358,195803.500000000,36.56261477149,119.16244544036,101.2821,1.8044,-0.1050,0.0526,-177.999429705,6.502249654,357.464723309,INS_ALIGNMENT_COMPLETE*f13d052a
$GPGGA,062305.50,3633.7569171,N,11909.7467550,E,4,53,0.7,99.827,M,1.450,M,1.500,3863*4B
#INSPVAA,COM3,0,79.3,FINESTEERING,2358,195804.000,00000000,03d9,781;2358,195804.000000000,36.56262347615,119.16244551820,101.2981,1.8729,-0.0546,-0.0646,-178.028954947,6.521820421,357.610400298,INS_ALIGNMENT_COMPLETE*0b0e7a5a
$GPGGA,062306.00,3633.7574404,N,11909.7467493,E,4,53,0.7,99.848,M,1.450,M,1.000,3863*44
#INSPVAA,COM3,0,79.3,FINESTEERING,2358,195804.500,00000000,01e5,781;2358,195804.500000000,36.56263226435,119.16244548331,101.3244,1.9855,-0.0784,0.1159,-178.017518882,6.546799719,357.458084657,INS_ALIGNMENT_COMPLETE*c0aacde8
$GPGGA,062306.50,3633.7579672,N,11909.7467417,E,4,53,0.7,99.870,M,1.450,M,1.500,3863*4D
#INSPVAA,COM3,0,80.7,FINESTEERING,2358,195805.000,00000000,03d9,781;2358,195805.000000000,36.56264131455,119.16244567905,101.3369,1.8852,0.0733,0.0770,-178.220276721,6.218874277,357.633219657,INS_ALIGNMENT_COMPLETE*7e698c39
$GPGGA,062307.00,3633.7584981,N,11909.7467328,E,4,52,0.7,99.879,M,1.450,M,1.000,3863*4E
#INSPVAA,COM3,0,80.7,FINESTEERING,2358,195805.500,00000000,01e5,781;2358,195805.500000000,36.56265018747,119.16244565598,101.3533,1.9658,0.0026,0.1418,-178.157071040,6.399574196,357.562090168,INS_ALIGNMENT_COMPLETE*349f7200
$GPGGA,062307.50,3633.7590253,N,11909.7467267,E,4,52,0.7,99.896,M,1.450,M,1.500,3863*44
<ERROR:Invalid Message ID
[COM3]
#INSPVAA,COM3,0,80.7,FINESTEERING,2358,195806.000,00000000,03d9,781;2358,195806.000000000,36.56265923303,119.16244571656,101.3675,1.9563,0.0517,0.0442,-178.154817840,6.149565806,357.548050775,INS_ALIGNMENT_COMPLETE*eaabcdf5
$GPGGA,062308.00,3633.7595551,N,11909.7467236,E,4,52,0.7,99.907,M,1.450,M,1.000,3863*46
#INSPVAA,COM3,0,80.7,FINESTEERING,2358,195806.500,00000000,01e5,781;2358,195806.500000000,36.56266807289,119.16244564420,101.3799,1.9281,0.0412,0.0418,-178.184496497,6.206097245,357.626422679,INS_ALIGNMENT_COMPLETE*3e021360
$GPGGA,062308.50,3633.7600829,N,11909.7467173,E,4,52,0.7,99.920,M,1.450,M,1.500,3863*4C
#INSPVAA,COM3,0,80.7,FINESTEERING,2358,195807.000,00000000,03d9,781;2358,195807.000000000,36.56267692745,119.16244556525,101.4009,1.9435,0.0036,0.1069,-177.960950247,6.333628508,357.817261756,INS_ALIGNMENT_COMPLETE*4e5cdbf1
$GPGGA,062309.00,3633.7606088,N,11909.7467154,E,4,52,0.7,99.939,M,1.450,M,1.000,3863*45
#INSPVAA,COM3,0,80.7,FINESTEERING,2358,195807.500,00000000,01e5,781;2358,195807.500000000,36.56268578503,119.16244552784,101.4168,1.9945,-0.0547,-0.0058,-178.096241784,6.153598471,357.761975776,INS_ALIGNMENT_COMPLETE*fea2d7b6
$GPGGA,062309.50,3633.7611377,N,11909.7467144,E,4,52,0.7,99.954,M,1.450,M,1.500,3863*4A
#INSPVAA,COM3,0,80.7,FINESTEERING,2358,195808.000,00000000,03d9,781;2358,195808.000000000,36.56269458663,119.16244537935,101.4334,2.0422,0.0211,0.0788,-178.120566025,6.404546783,357.687508904,INS_ALIGNMENT_COMPLETE*2b3c3888
$GPGGA,062310.00,3633.7616660,N,11909.7467125,E,4,53,0.7,99.971,M,1.450,M,1.000,3863*47
#INSPVAA,COM3,0,80.7,FINESTEERING,2358,195808.500,00000000,01e5,781;2358,195808.500000000,36.56270340021,119.16244541725,101.4518,1.8804,0.0439,0.0876,-178.129695449,6.425910860,357.851798722,INS_ALIGNMENT_COMPLETE*6998f8cd
$GPGGA,062310.50,3633.7621941,N,11909.7467173,E,4,53,0.7,99.993,M,1.450,M,1.500,3863*40
#INSPVAA,COM3,0,80.5,FINESTEERING,2358,195809.000,00000000,03d9,781;2358,195809.000000000,36.56271216123,119.16244544402,101.4654,1.9203,-0.0069,0.0342,-178.111299844,6.354727488,358.196352525,INS_ALIGNMENT_COMPLETE*f0ee3389
$GPGGA,062311.00,3633.7627195,N,11909.7467235,E,4,53,0.7,100.011,M,1.450,M,1.000,3863*75
#INSPVAA,COM3,0,80.5,FINESTEERING,2358,195809.500,00000000,01e5,781;2358,195809.500000000,36.56272084473,119.16244552613,101.4860,1.8858,0.0472,-0.0304,-178.019400098,6.673338243,358.174811684,INS_ALIGNMENT_COMPLETE*3b3594f9
$GPGGA,062311.50,3633.7632413,N,11909.7467280,E,4,53,0.7,100.036,M,1.450,M,1.500,3863*71
#INSPVAA,COM3,0,80.6,FINESTEERING,2358,195810.000,00000000,03d9,781;2358,195810.000000000,36.56272939054,119.16244562919,101.4954,1.9617,0.0030,0.0315,-178.155327616,6.067739147,358.112743028,INS_ALIGNMENT_COMPLETE*bd873bda
$GPGGA,062312.00,3633.7637582,N,11909.7467330,E,4,53,0.7,100.043,M,1.450,M,1.000,3863*76
#INSPVAA,COM3,0,80.6,FINESTEERING,2358,195810.500,00000000,01e5,781;2358,195810.500000000,36.56273820098,119.16244540759,101.5176,1.9092,0.0216,0.0867,-178.263392468,6.082122212,358.713196124,INS_ALIGNMENT_COMPLETE*34b3ce8f
$GPGGA,062312.50,3633.7642924,N,11909.7467297,E,4,53,0.7,100.063,M,1.450,M,1.500,3863*7A
#INSPVAA,COM3,0,80.5,FINESTEERING,2358,195811.000,00000000,03d9,781;2358,195811.000000000,36.56274687327,119.16244527417,101.5349,1.9306,-0.0218,0.0722,-178.212573342,6.129184834,358.851375163,INS_ALIGNMENT_COMPLETE*803364ef
$GPGGA,062313.00,3633.7648185,N,11909.7467304,E,4,53,0.7,100.082,M,1.450,M,1.000,3863*76
#INSPVAA,COM3,0,80.5,FINESTEERING,2358,195811.500,00000000,01e5,781;2358,195811.500000000,36.56275571887,119.16244537593,101.5471,1.9829,0.0103,-0.0002,-178.333750335,5.925855333,359.230317889,INS_ALIGNMENT_COMPLETE*86bd08f0
$GPGGA,062313.50,3633.7653451,N,11909.7467375,E,4,53,0.7,100.098,M,1.450,M,1.500,3863*7D
#INSPVAA,COM3,0,80.6,FINESTEERING,2358,195812.000,00000000,03d9,781;2358,195812.000000000,36.56276446391,119.16244566699,101.5580,1.8740,0.1386,0.1337,-178.138342085,5.755819740,358.860903471,INS_ALIGNMENT_COMPLETE*3d0ef640
$GPGGA,062314.00,3633.7658676,N,11909.7467465,E,4,53,0.7,100.106,M,1.450,M,1.000,3863*76
#INSPVAA,COM3,0,80.6,FINESTEERING,2358,195812.500,00000000,01e5,781;2358,195812.500000000,36.56277313890,119.16244588430,101.5705,1.8239,0.0714,0.0742,-177.912912421,5.672204453,358.924985884,INS_ALIGNMENT_COMPLETE*6f269c5f
$GPGGA,062314.50,3633.7663878,N,11909.7467573,E,4,53,0.7,100.116,M,1.450,M,1.500,3863*79
#INSPVAA,COM3,0,80.8,FINESTEERING,2358,195813.000,00000000,03d9,781;2358,195813.000000000,36.56278186574,119.16244615225,101.5934,2.0277,0.0069,0.0199,-178.004912389,6.274871849,358.282333401,INS_ALIGNMENT_COMPLETE*4b4e0461
$GPGGA,062315.00,3633.7669102,N,11909.7467729,E,4,53,0.7,100.145,M,1.450,M,1.000,3863*7D
#INSPVAA,COM3,0,80.8,FINESTEERING,2358,195813.500,00000000,01e5,781;2358,195813.500000000,36.56279057267,119.16244623146,101.6073,1.9407,-0.0170,0.0315,-178.204261009,6.098597113,357.665386928,INS_ALIGNMENT_COMPLETE*f38418bc
$GPGGA,062315.50,3633.7674371,N,11909.7467819,E,4,53,0.7,100.155,M,1.450,M,1.500,3863*7A
#INSPVAA,COM3,0,78.2,FINESTEERING,2358,195814.000,00000000,03d9,781;2358,195814.000000000,36.56279918643,119.16244627198,101.6281,1.8918,-0.0018,0.0586,-177.735453193,6.306931953,357.109897333,INS_ALIGNMENT_COMPLETE*739f2c50
$GPGGA,062316.00,3633.7679599,N,11909.7467874,E,4,53,0.7,100.178,M,1.450,M,1.000,3863*70
#INSPVAA,COM3,0,78.2,FINESTEERING,2358,195814.500,00000000,01e5,781;2358,195814.500000000,36.56280786420,119.16244625964,101.6426,1.8719,-0.0159,0.0466,-177.657782456,6.411564911,356.484292126,INS_ALIGNMENT_COMPLETE*5020aa14
$GPGGA,062316.50,3633.7684810,N,11909.7467861,E,4,53,0.7,100.192,M,1.450,M,1.500,3863*7E
<ERROR:Invalid Message ID
[COM3]
#INSPVAA,COM3,0,78.0,FINESTEERING,2358,195815.000,00000000,03d9,781;2358,195815.000000000,36.56281661773,119.16244628164,101.6580,1.9722,-0.0575,-0.0103,-177.612890353,6.023354971,355.869771938,INS_ALIGNMENT_COMPLETE*edb59106
$GPGGA,062317.00,3633.7690059,N,11909.7467815,E,4,52,0.7,100.207,M,1.450,M,1.000,3863*72
#INSPVAA,COM3,0,78.0,FINESTEERING,2358,195815.500,00000000,01e5,781;2358,195815.500000000,36.56282526725,119.16244605653,101.6719,1.8640,-0.0459,0.0295,-177.228997007,6.208794487,355.302950133,INS_ALIGNMENT_COMPLETE*f486797e
$GPGGA,062317.50,3633.7695285,N,11909.7467683,E,4,52,0.7,100.220,M,1.450,M,1.500,3863*70
#INSPVAA,COM3,0,79.6,FINESTEERING,2358,195816.000,00000000,03d9,781;2358,195816.000000000,36.56283399097,119.16244570999,101.6866,1.9506,-0.0838,0.0652,-177.148086640,6.484007630,354.883809653,INS_ALIGNMENT_COMPLETE*c7aa21f4
$GPGGA,062318.00,3633.7700547,N,11909.7467461,E,4,52,0.7,100.237,M,1.450,M,1.000,3863*73
#INSPVAA,COM3,0,79.6,FINESTEERING,2358,195816.500,00000000,01e5,781;2358,195816.500000000,36.56284258287,119.16244505034,101.7001,1.8697,-0.0965,0.0216,-177.469254286,6.332958857,354.154115504,INS_ALIGNMENT_COMPLETE*7a5d0f64
$GPGGA,062318.50,3633.7705774,N,11909.7467062,E,4,53,0.7,100.250,M,1.450,M,1.500,3863*73
#INSPVAA,COM3,0,76.2,FINESTEERING,2358,195817.000,00000000,03d9,781;2358,195817.000000000,36.56285122782,119.16244443505,101.7135,1.9422,-0.1555,-0.0348,-177.254189774,6.247684678,353.751676006,INS_ALIGNMENT_COMPLETE*95cf04be
$GPGGA,062319.00,3633.7710944,N,11909.7466667,E,4,53,0.7,100.268,M,1.450,M,1.000,3863*72
#INSPVAA,COM3,0,76.2,FINESTEERING,2358,195817.500,00000000,01e5,781;2358,195817.500000000,36.56285988433,119.16244353478,101.7347,1.8630,-0.2178,0.1403,-177.350797483,6.225205826,353.370895041,INS_ALIGNMENT_COMPLETE*d146522c
$GPGGA,062319.50,3633.7716159,N,11909.7466138,E,4,53,0.7,100.283,M,1.450,M,1.500,3863*78
#INSPVAA,COM3,0,75.9,FINESTEERING,2358,195818.000,00000000,03d9,781;2358,195818.000000000,36.56286873900,119.16244238450,101.7517,1.8880,-0.3000,0.0313,-177.693136132,6.479051873,353.180994051,INS_ALIGNMENT_COMPLETE*8de09002
$GPGGA,062320.00,3633.7721414,N,11909.7465474,E,4,53,0.7,100.300,M,1.450,M,1.000,3863*7E
#INSPVAA,COM3,0,75.9,FINESTEERING,2358,195818.500,00000000,01e5,781;2358,195818.500000000,36.56287749970,119.16244126164,101.7744,2.0264,-0.2925,0.0673,-177.400179824,5.875757574,352.976953624,INS_ALIGNMENT_COMPLETE*89931fd1
$GPGGA,062320.50,3633.7726663,N,11909.7464793,E,4,53,0.7,100.321,M,1.450,M,1.500,3863*73
#INSPVAA,COM3,0,79.5,FINESTEERING,2358,195819.000,00000000,03d9,781;2358,195819.000000000,36.56288640400,119.16243979367,101.7768,1.9240,-0.2539,0.0484,-177.730656928,5.858502823,353.572904990,INS_ALIGNMENT_COMPLETE*8c7cd887
$GPGGA,062321.00,3633.7731993,N,11909.7463915,E,4,53,0.7,100.321,M,1.450,M,1.000,3863*73
#INSPVAA,COM3,0,79.5,FINESTEERING,2358,195819.500,00000000,01e5,781;2358,195819.500000000,36.56289515267,119.16243831901,101.7886,2.0261,-0.3188,-0.0115,-176.887560016,6.978005587,353.870832485,INS_ALIGNMENT_COMPLETE*056f6a6a
$GPGGA,062321.50,3633.7737199,N,11909.7463047,E,4,53,0.7,100.341,M,1.450,M,1.500,3863*7F
#INSPVAA,COM3,0,77.3,FINESTEERING,2358,195820.000,00000000,03d9,781;2358,195820.000000000,36.56290410364,119.16243706733,101.7871,1.9307,-0.2711,0.0075,-177.151595372,6.856232027,354.973345389,INS_ALIGNMENT_COMPLETE*d9903b16
$GPGGA,062322.00,3633.7742456,N,11909.7462275,E,4,53,0.7,100.336,M,1.450,M,1.000,3863*7A
#INSPVAA,COM3,0,77.3,FINESTEERING,2358,195820.500,00000000,01e5,781;2358,195820.500000000,36.56291293333,119.16243590038,101.7983,1.9833,-0.2432,-0.0094,-176.964058747,7.171812158,356.213067565,INS_ALIGNMENT_COMPLETE*2c2f3402
$GPGGA,062322.50,3633.7747687,N,11909.7461560,E,4,53,0.7,100.351,M,1.450,M,1.500,3863*70
#INSPVAA,COM3,0,80.5,FINESTEERING,2358,195821.000,00000000,03da,781;2358,195821.000000000,36.56292181092,119.16243485748,101.8167,1.9965,-0.2024,-0.0327,-176.855636054,7.274372035,357.781898366,INS_ALIGNMENT_COMPLETE*7f4a241f
$GPGGA,062323.00,3633.7752916,N,11909.7460909,E,4,53,0.7,100.375,M,1.450,M,1.000,3863*76
#INSPVAA,COM3,0,80.5,FINESTEERING,2358,195821.500,00000000,01e6,781;2358,195821.500000000,36.56293062305,119.16243391300,101.8313,1.9391,-0.1728,0.0481,-177.062559752,7.231944912,359.762099336,INS_ALIGNMENT_COMPLETE*e3802f09
$GPGGA,062323.50,3633.7758137,N,11909.7460354,E,4,52,0.7,100.387,M,1.450,M,1.500,3863*79
<ERROR:Invalid Message ID
[COM3]
#INSPVAA,COM3,0,81.1,FINESTEERING,2358,195822.000,00000000,03da,781;2358,195822.000000000,36.56293943776,119.16243337973,101.8528,1.9998,-0.1099,0.0540,-176.829481616,7.515849728,1.393395676,INS_ALIGNMENT_COMPLETE*50154c38
$GPGGA,062324.00,3633.7763327,N,11909.7460054,E,4,52,0.7,100.412,M,1.450,M,1.000,3863*7D
#INSPVAA,COM3,0,81.1,FINESTEERING,2358,195822.500,00000000,01e6,781;2358,195822.500000000,36.56294810854,119.16243307949,101.8722,1.9611,-0.0196,0.0669,-176.798449070,7.550211025,3.658127669,INS_ALIGNMENT_COMPLETE*d971b688
$GPGGA,062324.50,3633.7768474,N,11909.7459891,E,4,53,0.7,100.431,M,1.450,M,1.500,3863*7C
#INSPVAA,COM3,0,81.1,FINESTEERING,2358,195823.000,00000000,03da,781;2358,195823.000000000,36.56295672478,119.16243302715,101.8960,2.0419,0.0073,0.0208,-176.539681845,7.634915154,6.450168499,INS_ALIGNMENT_COMPLETE*1cc2b5d9
$GPGGA,062325.00,3633.7773635,N,11909.7459873,E,4,53,0.7,100.464,M,1.450,M,1.000,3863*7C
#INSPVAA,COM3,0,81.1,FINESTEERING,2358,195823.500,00000000,01e6,781;2358,195823.500000000,36.56296562716,119.16243310182,101.9049,2.1283,-0.0042,0.0216,-176.982717823,7.277674010,8.393327957,INS_ALIGNMENT_COMPLETE*e2d54a01
$GPGGA,062325.50,3633.7778966,N,11909.7460007,E,4,53,0.7,100.474,M,1.450,M,1.500,3863*7E
#INSPVAA,COM3,0,81.0,FINESTEERING,2358,195824.000,00000000,03d9,781;2358,195824.000000000,36.56297431815,119.16243344885,101.9221,1.9069,0.0563,-0.0208,-176.852041383,7.395739479,11.095472933,INS_ALIGNMENT_COMPLETE*4259d77b
$GPGGA,062326.00,3633.7784300,N,11909.7460282,E,4,53,0.7,100.487,M,1.450,M,1.000,3863*77
#INSPVAA,COM3,0,81.0,FINESTEERING,2358,195824.500,00000000,01e5,781;2358,195824.500000000,36.56298318031,119.16243417167,101.9431,2.0471,0.0502,0.0686,-176.636684279,7.346004622,11.234023259,INS_ALIGNMENT_COMPLETE*d11015fc
$GPGGA,062326.50,3633.7789588,N,11909.7460723,E,4,53,0.7,100.509,M,1.450,M,0.500,3863*74
#INSPVAA,COM3,0,78.5,FINESTEERING,2358,195825.000,00000000,03d9,781;2358,195825.000000000,36.56299173851,119.16243527515,101.9712,1.9257,0.1683,-0.0009,-176.550599469,7.082895478,11.356352345,INS_ALIGNMENT_COMPLETE*098656d3
$GPGGA,062327.00,3633.7794814,N,11909.7461289,E,4,53,0.7,100.541,M,1.450,M,1.000,3863*78
#INSPVAA,COM3,0,78.5,FINESTEERING,2358,195825.500,00000000,01e5,781;2358,195825.500000000,36.56300053517,119.16243614298,101.9872,1.9796,0.1396,-0.0210,-176.332876863,6.962037344,10.739699323,INS_ALIGNMENT_COMPLETE*2237fe54
$GPGGA,062327.50,3633.7800101,N,11909.7461822,E,4,53,0.7,100.559,M,1.450,M,1.500,3863*75
#INSPVAA,COM3,0,77.0,FINESTEERING,2358,195826.000,00000000,03d9,781;2358,195826.000000000,36.56300902707,119.16243669553,102.0124,1.9505,0.1038,0.0368,-176.550929371,6.798777907,10.890234195,INS_ALIGNMENT_COMPLETE*5d348078
$GPGGA,062328.00,3633.7805399,N,11909.7462091,E,4,53,0.7,100.583,M,1.450,M,1.000,3863*78
#INSPVAA,COM3,0,77.0,FINESTEERING,2358,195826.500,00000000,01e5,781;2358,195826.500000000,36.56301775317,119.16243712593,102.0371,1.9725,0.0714,0.0445,-176.438853095,6.935640437,10.878288742,INS_ALIGNMENT_COMPLETE*4c42efe1
$GPGGA,062328.50,3633.7810679,N,11909.7462345,E,4,53,0.7,100.604,M,1.450,M,1.500,3863*71
#INSPVAA,COM3,0,79.7,FINESTEERING,2358,195827.000,00000000,03d9,781;2358,195827.000000000,36.56302639841,119.16243742975,102.0682,1.9208,0.0596,-0.0841,-176.472333527,6.971003167,10.738748772,INS_ALIGNMENT_COMPLETE*43e0887a
$GPGGA,062329.00,3633.7815958,N,11909.7462481,E,4,53,0.7,100.637,M,1.450,M,1.000,3863*76
#INSPVAA,COM3,0,79.7,FINESTEERING,2358,195827.500,00000000,01e5,781;2358,195827.500000000,36.56303515092,119.16243768533,102.0871,1.9018,0.0092,0.0175,-176.693702242,6.793017798,10.663063969,INS_ALIGNMENT_COMPLETE*21c77f4f
$GPGGA,062329.50,3633.7821217,N,11909.7462633,E,4,53,0.7,100.652,M,1.450,M,1.500,3863*79
#INSPVAA,COM3,0,81.2,FINESTEERING,2358,195828.000,00000000,03d9,781;2358,195828.000000000,36.56304392220,119.16243786212,102.1203,1.9325,-0.0098,0.0149,-176.606709674,7.124136882,11.096600143,INS_ALIGNMENT_COMPLETE*b32d21e0
$GPGGA,062330.00,3633.7826453,N,11909.7462709,E,4,53,0.7,100.681,M,1.450,M,1.000,3863*76
#INSPVAA,COM3,0,81.2,FINESTEERING,2358,195828.500,00000000,01e5,781;2358,195828.500000000,36.56305270497,119.16243789635,102.1384,1.9279,-0.0091,0.0532,-176.890188153,7.201416494,11.078357906,INS_ALIGNMENT_COMPLETE*0a456463
$GPGGA,062330.50,3633.7831708,N,11909.7462727,E,4,53,0.7,100.701,M,1.450,M,1.500,3863*78
#INSPVAA,COM3,0,81.0,FINESTEERING,2358,195829.000,00000000,03d9,781;2358,195829.000000000,36.56306156930,119.16243784411,102.1569,1.9927,-0.0254,-0.0501,-176.952657180,6.871760059,11.094068494,INS_ALIGNMENT_COMPLETE*f08c25ed
$GPGGA,062331.00,3633.7836983,N,11909.7462699,E,4,53,0.7,100.720,M,1.450,M,1.000,3863*74
#INSPVAA,COM3,0,81.0,FINESTEERING,2358,195829.500,00000000,01e5,781;2358,195829.500000000,36.56307033877,119.16243776031,102.1760,1.8805,-0.0340,0.0916,-176.955775998,7.023043516,10.700687684,INS_ALIGNMENT_COMPLETE*1234ee81
$GPGGA,062331.50,3633.7842235,N,11909.7462616,E,4,53,0.7,100.737,M,1.450,M,1.500,3863*70
#INSPVAA,COM3,0,81.3,FINESTEERING,2358,195830.000,00000000,03d9,781;2358,195830.000000000,36.56307910383,119.16243756408,102.1997,1.9543,-0.0697,0.0217,-177.016205937,7.234333507,10.637711371,INS_ALIGNMENT_COMPLETE*1dbe4313
$GPGGA,062332.00,3633.7847442,N,11909.7462492,E,4,52,0.7,100.761,M,1.450,M,1.000,3863*7C
#INSPVAA,COM3,0,81.3,FINESTEERING,2358,195830.500,00000000,01e5,781;2358,195830.500000000,36.56308784737,119.16243725700,102.2137,2.0107,-0.0569,-0.0826,-176.966970344,7.387045605,10.138809095,INS_ALIGNMENT_COMPLETE*ee6e86a0
$GPGGA,062332.50,3633.7852662,N,11909.7462283,E,4,52,0.7,100.777,M,1.450,M,0.500,3863*78
#INSPVAA,COM3,0,80.8,FINESTEERING,2358,195831.000,00000000,03d9,781;2358,195831.000000000,36.56309655646,119.16243679395,102.2306,1.9134,-0.0875,0.0568,-177.148225866,7.207408871,9.563706425,INS_ALIGNMENT_COMPLETE*cb640b98
$GPGGA,062333.00,3633.7857897,N,11909.7461992,E,4,52,0.7,100.789,M,1.450,M,1.000,3863*70
#INSPVAA,COM3,0,80.8,FINESTEERING,2358,195831.500,00000000,01e5,781;2358,195831.500000000,36.56310527214,119.16243613218,102.2536,1.9911,-0.1392,0.0622,-177.116313358,7.318797606,8.768214244,INS_ALIGNMENT_COMPLETE*668058e3
$GPGGA,062333.50,3633.7863104,N,11909.7461603,E,4,52,0.7,100.811,M,1.450,M,1.500,3863*7D
#INSPVAA,COM3,0,81.2,FINESTEERING,2358,195832.000,00000000,03d9,781;2358,195832.000000000,36.56311409625,119.16243536426,102.2776,1.9704,-0.1719,0.0796,-177.027903556,7.180679625,7.688974679,INS_ALIGNMENT_COMPLETE*7cbf7281
$GPGGA,062334.00,3633.7868380,N,11909.7461171,E,4,53,0.7,100.834,M,1.450,M,1.000,3863*7B
#INSPVAA,COM3,0,81.2,FINESTEERING,2358,195832.500,00000000,01e5,781;2358,195832.500000000,36.56312299635,119.16243421790,102.2963,1.9452,-0.2144,-0.0527,-177.190829371,6.806981398,6.488009240,INS_ALIGNMENT_COMPLETE*8157bb56
<ERROR:Invalid Message ID
[COM3]
$GPGGA,062334.50,3633.7873705,N,11909.7460512,E,4,53,0.7,100.857,M,1.450,M,1.500,3863*7D
#INSPVAA,COM3,0,81.1,FINESTEERING,2358,195833.000,00000000,03d9,781;2358,195833.000000000,36.56313166562,119.16243282488,102.3091,1.9596,-0.2693,0.2455,-176.902394165,7.144235728,5.625735359,INS_ALIGNMENT_COMPLETE*a29de94d
$GPGGA,062335.00,3633.7878934,N,11909.7459677,E,4,53,0.7,100.860,M,1.450,M,1.000,3863*75
#INSPVAA,COM3,0,81.1,FINESTEERING,2358,195833.500,00000000,01e5,781;2358,195833.500000000,36.56314034803,119.16243159552,102.3242,1.9471,-0.2722,-0.0883,-176.834850006,7.046877922,4.572164925,INS_ALIGNMENT_COMPLETE*25b7dad7
$GPGGA,062335.50,3633.7884128,N,11909.7458903,E,4,53,0.7,100.876,M,1.450,M,1.500,3863*79
#INSPVAA,COM3,0,81.1,FINESTEERING,2358,195834.000,00000000,03d9,781;2358,195834.000000000,36.56314903955,119.16242989870,102.3388,1.9012,-0.4022,0.1001,-177.241371618,7.367194141,4.711997333,INS_ALIGNMENT_COMPLETE*2124edef
$GPGGA,062336.00,3633.7889337,N,11909.7457885,E,4,53,0.7,100.891,M,1.450,M,1.000,3863*72
#INSPVAA,COM3,0,81.1,FINESTEERING,2358,195834.500,00000000,01e5,781;2358,195834.500000000,36.56315773966,119.16242811082,102.3570,1.9298,-0.2662,0.0539,-176.854901296,7.520711546,5.929231849,INS_ALIGNMENT_COMPLETE*dbe7c962
$GPGGA,062336.50,3633.7894539,N,11909.7456804,E,4,53,0.7,100.912,M,1.450,M,1.500,3863*74
#INSPVAA,COM3,0,81.1,FINESTEERING,2358,195835.000,00000000,03d9,781;2358,195835.000000000,36.56316636810,119.16242643448,102.3901,1.8864,-0.2489,0.0829,-177.411900262,7.458806008,7.939498010,INS_ALIGNMENT_COMPLETE*48351595
$GPGGA,062337.00,3633.7899706,N,11909.7455824,E,4,53,0.7,100.948,M,1.450,M,1.000,3863*78
#INSPVAA,COM3,0,81.1,FINESTEERING,2358,195835.500,00000000,01e5,781;2358,195835.500000000,36.56317518266,119.16242482494,102.4110,1.9784,-0.2613,0.0468,-177.825118899,7.663879768,10.050303402,INS_ALIGNMENT_COMPLETE*3371ad44
$GPGGA,062337.50,3633.7904940,N,11909.7454857,E,4,53,0.7,100.971,M,1.450,M,1.500,3863*7E
#INSPVAA,COM3,0,78.7,FINESTEERING,2358,195836.000,00000000,03d9,781;2358,195836.000000000,36.56318406729,119.16242376387,102.4307,2.0428,-0.1422,-0.0608,-177.482156904,7.310995333,12.250207454,INS_ALIGNMENT_COMPLETE*eaf3b162
$GPGGA,062338.00,3633.7910205,N,11909.7454254,E,4,53,0.7,100.988,M,1.450,M,1.000,3863*71
#INSPVAA,COM3,0,78.7,FINESTEERING,2358,195836.500,00000000,01e5,781;2358,195836.500000000,36.56319287869,119.16242308421,102.4567,1.8896,-0.0614,0.1990,-177.725395896,7.315606630,14.564302449,INS_ALIGNMENT_COMPLETE*310b65b2
$GPGGA,062338.50,3633.7915444,N,11909.7453851,E,4,53,0.7,101.009,M,1.450,M,1.500,3863*7E
#INSPVAA,COM3,0,77.2,FINESTEERING,2358,195837.000,00000000,03d9,781;2358,195837.000000000,36.56320153189,119.16242268876,102.4847,1.9601,-0.0015,-0.1190,-177.659829076,7.399933085,17.309040177,INS_ALIGNMENT_COMPLETE*e1223e9e
$GPGGA,062339.00,3633.7920653,N,11909.7453630,E,4,53,0.7,101.039,M,1.450,M,1.000,3863*77
#INSPVAA,COM3,0,77.2,FINESTEERING,2358,195837.500,00000000,01e5,781;2358,195837.500000000,36.56321026335,119.16242261310,102.5003,1.9219,0.0264,0.1244,-177.786088452,7.565800142,20.071255240,INS_ALIGNMENT_COMPLETE*f47b8b2b
$GPGGA,062339.50,3633.7925906,N,11909.7453617,E,4,53,0.7,101.049,M,1.449,M,1.500,3863*77
#INSPVAA,COM3,0,79.7,FINESTEERING,2358,195838.000,00000000,03d9,781;2358,195838.000000000,36.56321868566,119.16242308050,102.5193,1.8962,0.1812,0.0213,-177.538923458,7.613508547,22.315470096,INS_ALIGNMENT_COMPLETE*1c0be5af
$GPGGA,062340.00,3633.7931046,N,11909.7453888,E,4,54,0.7,101.062,M,1.449,M,1.000,3863*77
#INSPVAA,COM3,0,79.7,FINESTEERING,2358,195838.500,00000000,01e5,781;2358,195838.500000000,36.56322718124,119.16242377788,102.5434,1.8539,0.1444,0.0276,-177.236090143,7.907488078,24.055972519,INS_ALIGNMENT_COMPLETE*fcda9e7a
$GPGGA,062340.50,3633.7936153,N,11909.7454310,E,4,54,0.7,101.086,M,1.449,M,1.500,3863*72
#INSPVAA,COM3,0,81.2,FINESTEERING,2358,195839.000,00000000,03d9,781;2358,195839.000000000,36.56323573650,119.16242463880,102.5665,1.9184,0.1421,0.0277,-177.435238260,7.934914087,26.217688893,INS_ALIGNMENT_COMPLETE*8f2f55bd
$GPGGA,062341.00,3633.7941361,N,11909.7454803,E,4,54,0.7,101.107,M,1.449,M,1.000,3863*71
#INSPVAA,COM3,0,81.2,FINESTEERING,2358,195839.500,00000000,01e5,781;2358,195839.500000000,36.56324461546,119.16242570829,102.5879,2.0188,0.1759,0.0029,-177.438839013,7.103084523,26.464180120,INS_ALIGNMENT_COMPLETE*dba5149e
$GPGGA,062341.50,3633.7946695,N,11909.7455470,E,4,53,0.7,101.126,M,1.449,M,1.500,3863*75
#INSPVAA,COM3,0,79.7,FINESTEERING,2358,195840.000,00000000,03d9,781;2358,195840.000000000,36.56325334193,119.16242735172,102.6056,1.9008,0.2966,0.1015,-176.489041833,7.525135790,25.105140134,INS_ALIGNMENT_COMPLETE*101d4887
$GPGGA,062342.00,3633.7951971,N,11909.7456491,E,4,53,0.7,101.154,M,1.449,M,1.000,3863*7C
#INSPVAA,COM3,0,79.7,FINESTEERING,2358,195840.500,00000000,01e5,781;2358,195840.500000000,36.56326216249,119.16242895621,102.6195,1.9739,0.2168,-0.0900,-176.465233374,7.298110623,24.034639501,INS_ALIGNMENT_COMPLETE*bdea5508
$GPGGA,062342.50,3633.7957266,N,11909.7457469,E,4,53,0.7,101.173,M,1.449,M,1.500,3863*74
#INSPVAA,COM3,0,78.7,FINESTEERING,2358,195841.000,00000000,03d9,781;2358,195841.000000000,36.56327096390,119.16243017570,102.6405,2.0231,0.2422,0.0768,-176.401228962,7.214798368,22.610982104,INS_ALIGNMENT_COMPLETE*8d81fbd3
$GPGGA,062343.00,3633.7962571,N,11909.7458185,E,4,54,0.7,101.201,M,1.449,M,1.000,3863*7B
#INSPVAA,COM3,0,78.7,FINESTEERING,2358,195841.500,00000000,01e5,781;2358,195841.500000000,36.56327979772,119.16243116411,102.6610,1.9484,0.0797,0.0343,-176.402973621,6.752094100,21.465187115,INS_ALIGNMENT_COMPLETE*18891464
$GPGGA,062343.50,3633.7967895,N,11909.7458790,E,4,54,0.7,101.221,M,1.449,M,1.500,3863*79
#INSPVAA,COM3,0,79.0,FINESTEERING,2358,195842.000,00000000,03d9,781;2358,195842.000000000,36.56328857947,119.16243164207,102.6827,1.8429,0.0518,0.0968,-176.713338498,6.304813755,21.224855999,INS_ALIGNMENT_COMPLETE*66f34ccd
$GPGGA,062344.00,3633.7973200,N,11909.7459031,E,4,54,0.7,101.238,M,1.449,M,1.000,3863*78
#INSPVAA,COM3,0,79.0,FINESTEERING,2358,195842.500,00000000,01e5,781;2358,195842.500000000,36.56329731195,119.16243202266,102.6967,1.9777,-0.0269,0.1036,-176.607473504,7.204993546,20.903515683,INS_ALIGNMENT_COMPLETE*0c0bc3ca
$GPGGA,062344.50,3633.7978436,N,11909.7459239,E,4,54,0.7,101.252,M,1.449,M,1.500,3863*76
#INSPVAA,COM3,0,79.1,FINESTEERING,2358,195843.000,00000000,03d9,781;2358,195843.000000000,36.56330616540,119.16243227287,102.7082,2.0197,0.0800,-0.1317,-176.894395645,6.881044892,20.663477758,INS_ALIGNMENT_COMPLETE*f0d5c1c5
$GPGGA,062345.00,3633.7983736,N,11909.7459347,E,4,54,0.7,101.266,M,1.449,M,1.000,3863*7F
#INSPVAA,COM3,0,79.1,FINESTEERING,2358,195843.500,00000000,01e5,781;2358,195843.500000000,36.56331491334,119.16243243190,102.7275,1.9353,0.0214,0.1969,-176.891826888,6.956681193,20.177817635,INS_ALIGNMENT_COMPLETE*e5672a6e
$GPGGA,062345.50,3633.7988981,N,11909.7459431,E,4,54,0.7,101.280,M,1.449,M,1.500,3863*78
#INSPVAA,COM3,0,78.7,FINESTEERING,2358,195844.000,00000000,03d9,781;2358,195844.000000000,36.56332371140,119.16243242235,102.7530,1.9987,-0.0468,-0.0204,-176.936863876,6.905574017,19.863255576,INS_ALIGNMENT_COMPLETE*12982f09
$GPGGA,062346.00,3633.7994213,N,11909.7459445,E,4,54,0.7,101.311,M,1.449,M,1.000,3863*7C
#INSPVAA,COM3,0,78.7,FINESTEERING,2358,195844.500,00000000,01e5,781;2358,195844.500000000,36.56333251453,119.16243232522,102.7725,1.9578,-0.0092,0.0243,-177.066201050,7.391166021,19.052831238,INS_ALIGNMENT_COMPLETE*3c0ac870
$GPGGA,062346.50,3633.7999476,N,11909.7459370,E,4,53,0.7,101.330,M,1.449,M,1.500,3863*71
#INSPVAA,COM3,0,78.7,FINESTEERING,2358,195845.000,00000000,03d9,781;2358,195845.000000000,36.56334133031,119.16243204947,102.7948,1.9306,-0.0652,-0.0590,-177.070841101,6.793622161,18.380835546,INS_ALIGNMENT_COMPLETE*ae4f62a9
$GPGGA,062347.00,3633.8004751,N,11909.7459210,E,4,53,0.7,101.345,M,1.449,M,1.000,3863*71
#INSPVAA,COM3,0,78.7,FINESTEERING,2358,195845.500,00000000,01e5,781;2358,195845.500000000,36.56335018963,119.16243162493,102.8136,1.8930,-0.1371,0.0164,-176.993038343,6.991903842,17.583141334,INS_ALIGNMENT_COMPLETE*323d17e6
$GPGGA,062347.50,3633.8010050,N,11909.7458944,E,4,53,0.7,101.362,M,1.449,M,1.500,3863*7C
#INSPVAA,COM3,0,79.2,FINESTEERING,2358,195846.000,00000000,03d9,781;2358,195846.000000000,36.56335905105,119.16243090808,102.8389,2.0042,-0.1936,0.0719,-176.917772542,7.076485449,17.201181505,INS_ALIGNMENT_COMPLETE*105604d8
$GPGGA,062348.00,3633.8015341,N,11909.7458513,E,4,54,0.7,101.387,M,1.449,M,1.000,3863*77
#INSPVAA,COM3,0,79.2,FINESTEERING,2358,195846.500,00000000,01e5,781;2358,195846.500000000,36.56336789303,119.16243000636,102.8529,1.9802,-0.1727,-0.1131,-177.041870931,6.473684394,16.760762819,INS_ALIGNMENT_COMPLETE*f85803ef
$GPGGA,062348.50,3633.8020619,N,11909.7457959,E,4,54,0.7,101.399,M,1.449,M,1.500,3863*7B
#INSPVAA,COM3,0,78.9,FINESTEERING,2358,195847.000,00000000,03d9,781;2358,195847.000000000,36.56337665845,119.16242880810,102.8737,2.0845,-0.2455,0.3143,-176.775051037,7.427432657,17.292252709,INS_ALIGNMENT_COMPLETE*80e48397
$GPGGA,062349.00,3633.8025891,N,11909.7457224,E,4,54,0.7,101.415,M,1.449,M,1.000,3863*73
#INSPVAA,COM3,0,78.9,FINESTEERING,2358,195847.500,00000000,01e5,781;2358,195847.500000000,36.56338551971,119.16242785125,102.8850,2.0218,-0.1302,-0.0976,-176.801263315,7.242747538,18.363078729,INS_ALIGNMENT_COMPLETE*eea0eb88
$GPGGA,062349.50,3633.8031202,N,11909.7456631,E,4,54,0.7,101.428,M,1.449,M,1.500,3863*79
#INSPVAA,COM3,0,78.9,FINESTEERING,2358,195848.000,00000000,03da,781;2358,195848.000000000,36.56339435588,119.16242714258,102.9009,2.0130,-0.1204,0.0537,-176.913863403,7.380559298,18.669403843,INS_ALIGNMENT_COMPLETE*f326c589
$GPGGA,062350.00,3633.8036510,N,11909.7456181,E,4,54,0.7,101.448,M,1.449,M,1.000,3863*78
#INSPVAA,COM3,0,78.9,FINESTEERING,2358,195848.500,00000000,01e5,781;2358,195848.500000000,36.56340326761,119.16242661693,102.9197,2.0469,-0.1026,-0.0169,-176.856580634,7.518049278,19.090672115,INS_ALIGNMENT_COMPLETE*2d190829
$GPGGA,062350.50,3633.8041816,N,11909.7455875,E,4,54,0.7,101.469,M,1.449,M,1.500,3863*71
#INSPVAA,COM3,0,79.1,FINESTEERING,2358,195849.000,00000000,03da,781;2358,195849.000000000,36.56341213168,119.16242605497,102.9338,2.0034,-0.1137,-0.0292,-176.879734482,7.414849288,19.557889907,INS_ALIGNMENT_COMPLETE*39c8975e
$GPGGA,062351.00,3633.8047148,N,11909.7455576,E,4,54,0.7,101.485,M,1.449,M,1.000,3863*78
#INSPVAA,COM3,0,79.1,FINESTEERING,2358,195849.500,00000000,01e5,781;2358,195849.500000000,36.56342098949,119.16242562745,102.9489,1.9932,-0.0712,0.0983,-176.979765366,7.460578323,20.121905231,INS_ALIGNMENT_COMPLETE*d46a3e52
$GPGGA,062351.50,3633.8052449,N,11909.7455310,E,4,54,0.7,101.501,M,1.449,M,1.500,3863*73
#INSPVAA,COM3,0,77.9,FINESTEERING,2358,195850.000,00000000,03d9,781;2358,195850.000000000,36.56342986285,119.16242528057,102.9659,2.0566,0.0011,-0.0392,-176.971538382,7.076509325,20.896351565,INS_ALIGNMENT_COMPLETE*8cdc7584
$GPGGA,062352.00,3633.8057799,N,11909.7455101,E,4,54,0.7,101.520,M,1.449,M,1.000,3863*7A
#INSPVAA,COM3,0,77.9,FINESTEERING,2358,195850.500,00000000,01e5,781;2358,195850.500000000,36.56343876045,119.16242498121,102.9874,1.9910,-0.0935,0.1035,-176.850873562,7.159655592,21.538570071,INS_ALIGNMENT_COMPLETE*402116a0
$GPGGA,062352.50,3633.8063111,N,11909.7454930,E,4,53,0.7,101.543,M,1.449,M,1.500,3863*72
#INSPVAA,COM3,0,76.1,FINESTEERING,2358,195851.000,00000000,03d9,781;2358,195851.000000000,36.56344764642,119.16242470350,102.9982,2.0360,-0.0864,-0.0276,-176.976326601,6.942625539,22.238976545,INS_ALIGNMENT_COMPLETE*879e761a
$GPGGA,062353.00,3633.8068463,N,11909.7454772,E,4,53,0.7,101.558,M,1.449,M,1.000,3863*7A
#INSPVAA,COM3,0,76.1,FINESTEERING,2358,195851.500,00000000,01e5,781;2358,195851.500000000,36.56345645731,119.16242457385,103.0210,1.9606,0.0544,0.1078,-176.773024086,7.375976890,22.908774582,INS_ALIGNMENT_COMPLETE*4b886fd3
$GPGGA,062353.50,3633.8073747,N,11909.7454675,E,4,53,0.7,101.577,M,1.449,M,1.500,3863*7E
#INSPVAA,COM3,0,76.4,FINESTEERING,2358,195852.000,00000000,03d9,781;2358,195852.000000000,36.56346525092,119.16242452837,103.0381,1.9852,0.0495,0.0428,-176.712860927,6.986296081,23.604321267,INS_ALIGNMENT_COMPLETE*293eeb48
$GPGGA,062354.00,3633.8079059,N,11909.7454650,E,4,53,0.7,101.596,M,1.449,M,1.000,3863*73
#INSPVAA,COM3,0,76.4,FINESTEERING,2358,195852.500,00000000,01e5,781;2358,195852.500000000,36.56347322069,119.16242451759,103.0564,1.4918,0.0377,-0.0173,-176.825973140,6.880299976,23.962811159,INS_ALIGNMENT_COMPLETE*deb19262
$GPGGA,062354.50,3633.8083838,N,11909.7454657,E,4,54,0.7,101.608,M,1.449,M,1.500,3863*7D
#INSPVAA,COM3,0,76.2,FINESTEERING,2358,195853.000,00000000,03d9,781;2358,195853.000000000,36.56347860313,119.16242437923,103.0806,0.9636,0.0125,-0.0378,-176.617675831,7.015082351,24.453749471,INS_ALIGNMENT_COMPLETE*0aad6833
$GPGGA,062355.00,3633.8087091,N,11909.7454676,E,4,54,0.7,101.633,M,1.449,M,1.000,3863*78
#INSPVAA,COM3,0,76.2,FINESTEERING,2358,195853.500,00000000,01e5,781;2358,195853.500000000,36.56348227178,119.16242432881,103.0892,0.7100,0.0011,0.0303,-176.601158567,6.978824898,24.499612400,INS_ALIGNMENT_COMPLETE*c3981ba8
$GPGGA,062355.50,3633.8089292,N,11909.7454694,E,4,54,0.7,101.635,M,1.449,M,1.500,3863*7D
#INSPVAA,COM3,0,80.9,FINESTEERING,2358,195854.000,00000000,03d9,781;2358,195854.000000000,36.56348482291,119.16242427384,103.0880,0.3223,-0.0061,0.0744,-176.853611539,6.183915139,24.754287450,INS_ALIGNMENT_COMPLETE*287ad0be
$GPGGA,062356.00,3633.8090843,N,11909.7454695,E,4,54,0.7,101.629,M,1.449,M,1.000,3863*7C
#INSPVAA,COM3,0,80.9,FINESTEERING,2358,195854.500,00000000,01e5,781;2358,195854.500000000,36.56348579336,119.16242424424,103.0757,0.0199,-0.0036,-0.0106,-177.328977177,5.465226721,24.885306235,INS_ALIGNMENT_COMPLETE*604a8d9c
$GPGGA,062356.50,3633.8091397,N,11909.7454683,E,4,54,0.7,101.620,M,1.449,M,1.500,3863*71
#INSPVAA,COM3,0,80.8,FINESTEERING,2358,195855.000,00000000,03d9,781;2358,195855.000000000,36.56348574520,119.16242427783,103.0704,0.0524,-0.0224,-0.0046,-177.213080005,5.762480675,24.626269519,INS_ALIGNMENT_COMPLETE*d2b916de
$GPGGA,062357.00,3633.8091345,N,11909.7454674,E,4,54,0.7,101.620,M,1.449,M,1.000,3863*77
#INSPVAA,COM3,0,80.8,FINESTEERING,2358,195855.500,00000000,01e5,781;2358,195855.500000000,36.56348575692,119.16242426663,103.0703,-0.0080,-0.0191,-0.0013,-177.252767114,5.765571264,24.719273510,INS_ALIGNMENT_COMPLETE*3c8429f0
$GPGGA,062357.50,3633.8091349,N,11909.7454680,E,4,54,0.7,101.618,M,1.449,M,1.500,3863*7B
#INSPVAA,COM3,0,80.6,FINESTEERING,2358,195856.000,00000000,03d9,781;2358,195856.000000000,36.56348573765,119.16242430934,103.0701,0.0125,-0.0317,0.0029,-177.269155073,5.748861442,24.760615663,INS_ALIGNMENT_COMPLETE*bf8de29a
$GPGGA,062358.00,3633.8091370,N,11909.7454635,E,4,54,0.7,101.619,M,1.449,M,1.000,3863*71
#INSPVAA,COM3,0,80.6,FINESTEERING,2358,195856.500,00000000,01e5,781;2358,195856.500000000,36.56348575101,119.16242433559,103.0677,0.0276,-0.0065,-0.0002,-177.262632203,5.841997578,24.884898622,INS_ALIGNMENT_COMPLETE*3970ff2c
$GPGGA,062358.50,3633.8091361,N,11909.7454627,E,4,54,0.7,101.619,M,1.449,M,0.500,3863*73
