#INSPVAA,COM3,0,75.0,FINESTEERING,2358,194336.000,00000000,03d9,781;2358,194336.000000000,36.56206152638,119.16212580893,101.3098,-1.4942,0.4813,-0.0597,-179.368411460,3.453592576,277.900041955,INS_ALIGNMENT_COMPLETE*4347e637
$GPGGA,055838.00,3633.7238479,N,11909.7274300,E,4,49,0.7,99.828,M,1.450,M,1.000,3863*47
#INSPVAA,COM3,0,75.0,FINESTEERING,2358,194336.500,00000000,01e5,781;2358,194336.500000000,36.56205566860,119.16212771346,101.3372,-1.6643,0.5755,0.2033,179.275831916,2.688331950,278.466105647,INS_ALIGNMENT_COMPLETE*129501b9
$GPGGA,055838.50,3633.7234963,N,11909.7275525,E,4,49,0.7,99.865,M,1.450,M,1.500,3863*44
#INSPVAA,COM3,0,78.4,FINESTEERING,2358,194337.000,00000000,03d9,781;2358,194337.000000000,36.56205174421,119.16212943176,101.3687,-1.1408,0.6179,0.0872,179.216601028,1.567820973,278.628615886,INS_ALIGNMENT_COMPLETE*b2f5b321
$GPGGA,055839.00,3633.7231671,N,11909.7276384,E,4,49,0.7,99.896,M,1.450,M,1.000,3863*4E
#INSPVAA,COM3,0,78.4,FINESTEERING,2358,194337.500,00000000,01e5,781;2358,194337.500000000,36.56204700611,119.16213189994,101.4044,-1.2815,0.6771,-0.0273,179.335790294,0.930246020,278.729491214,INS_ALIGNMENT_COMPLETE*258a9e90
$GPGGA,055839.50,3633.7228389,N,11909.7277158,E,4,49,0.7,99.937,M,1.450,M,1.500,3863*4C
#INSPVAA,COM3,0,78.7,FINESTEERING,2358,194338.000,00000000,03d9,781;2358,194338.000000000,36.56204221990,119.16213422863,101.3582,-1.1192,0.6879,-0.0016,178.701172177,1.802813861,279.877752359,INS_ALIGNMENT_COMPLETE*d8cfefb0
$GPGGA,055840.00,3633.7225140,N,11909.7278390,E,4,49,0.6,99.903,M,1.450,M,1.000,3863*47
#INSPVAA,COM3,0,78.7,FINESTEERING,2358,194338.500,00000000,01e5,781;2358,194338.500000000,36.56203754478,119.16213644104,101.3239,-1.0030,0.7127,-0.1643,179.741719130,1.912444962,279.960267726,INS_ALIGNMENT_COMPLETE*bb97fb16
$GPGGA,055840.50,3633.7221967,N,11909.7279169,E,4,49,0.6,99.861,M,1.450,M,1.500,3863*4E
#INSPVAA,COM3,0,76.6,FINESTEERING,2358,194339.000,00000000,03d9,781;2358,194339.000000000,36.56203238703,119.16213732638,101.2632,-1.1340,0.7149,-0.0086,-179.974375924,2.676540808,280.432697689,INS_ALIGNMENT_COMPLETE*aaf7bcd7
$GPGGA,055841.00,3633.7218704,N,11909.7280002,E,4,49,0.7,99.788,M,1.450,M,1.000,3863*4D
#INSPVAA,COM3,0,76.6,FINESTEERING,2358,194339.500,00000000,01e6,781;2358,194339.500000000,36.56202658347,119.16213941443,101.2533,-1.0650,0.7042,0.0183,179.027502799,3.186164976,281.236768319,INS_ALIGNMENT_COMPLETE*f6a91fb2
$GPGGA,055841.50,3633.7215453,N,11909.7281144,E,4,49,0.7,99.776,M,1.450,M,1.500,3863*42
#INSPVAA,COM3,0,74.1,FINESTEERING,2358,194340.000,00000000,03d9,781;2358,194340.000000000,36.56202049260,119.16213914762,101.2611,-1.0918,0.6040,0.0351,178.353220543,3.316774669,280.850241807,INS_ALIGNMENT_COMPLETE*5a1fb664
$GPGGA,055842.00,3633.7211775,N,11909.7281436,E,4,49,0.7,99.801,M,1.450,M,1.000,3863*4D
#INSPVAA,COM3,0,74.1,FINESTEERING,2358,194340.500,00000000,01e5,781;2358,194340.500000000,36.56201520931,119.16214116463,101.2802,-0.9988,0.5842,-0.0041,177.462551180,3.457716401,281.542012380,INS_ALIGNMENT_COMPLETE*664de521
$GPGGA,055842.50,3633.7208443,N,11909.7282366,E,4,49,0.7,99.815,M,1.450,M,1.500,3863*47
#INSPVAA,COM3,0,70.9,FINESTEERING,2358,194341.000,00000000,03da,781;2358,194341.000000000,36.56200986769,119.16214081288,101.2684,-1.0718,0.5175,0.0157,177.650058803,3.566728539,281.202198852,INS_ALIGNMENT_COMPLETE*cf3c4c23
$GPGGA,055843.00,3633.7205242,N,11909.7282927,E,4,49,0.7,99.793,M,1.450,M,1.000,3863*42
#INSPVAA,COM3,0,70.9,FINESTEERING,2358,194341.500,00000000,01e6,781;2358,194341.500000000,36.56200482680,119.16214263018,101.2665,-0.9992,0.4874,-0.0441,177.696323952,3.622391136,281.692087116,INS_ALIGNMENT_COMPLETE*0fd4edbd
$GPGGA,055843.50,3633.7201898,N,11909.7283573,E,4,49,0.7,99.801,M,1.450,M,1.500,3863*43
#INSPVAA,COM3,0,67.3,FINESTEERING,2358,194342.000,00000000,03da,781;2358,194342.000000000,36.56199863877,119.16214238620,101.2452,-1.1444,0.4258,0.0426,177.431782953,3.811759951,281.321831896,INS_ALIGNMENT_COMPLETE*d52deacf
$GPGGA,055844.00,3633.7198326,N,11909.7283904,E,4,48,0.7,99.800,M,1.450,M,1.000,3863*45
#INSPVAA,COM3,0,67.3,FINESTEERING,2358,194342.500,00000000,01e5,781;2358,194342.500000000,36.56199334311,119.16214380302,101.2524,-1.0073,0.4107,0.0200,177.494851074,3.615693095,281.774113963,INS_ALIGNMENT_COMPLETE*881498b2
$GPGGA,055844.50,3633.7194897,N,11909.7284367,E,4,49,0.7,99.811,M,1.450,M,1.500,3863*41
#INSPVAA,COM3,0,69.5,FINESTEERING,2358,194343.000,00000000,03d9,781;2358,194343.000000000,36.56198697173,119.16214350080,101.2593,-1.1781,0.3761,0.0285,177.170771529,3.597074982,281.145152373,INS_ALIGNMENT_COMPLETE*f30e2a3a
$GPGGA,055845.00,3633.7191413,N,11909.7284647,E,4,49,0.7,99.813,M,1.450,M,1.000,3863*40
#INSPVAA,COM3,0,69.5,FINESTEERING,2358,194343.500,00000000,01e5,781;2358,194343.500000000,36.56198128592,119.16214470342,101.2795,-1.1462,0.3564,0.0464,176.913997508,3.466315861,281.695390508,INS_ALIGNMENT_COMPLETE*467f09ed
$GPGGA,055845.50,3633.7187983,N,11909.7285108,E,4,49,0.7,99.841,M,1.450,M,1.500,3863*49
#INSPVAA,COM3,0,70.8,FINESTEERING,2358,194344.000,00000000,03d9,781;2358,194344.000000000,36.56197493433,119.16214430854,101.2927,-1.1554,0.2606,0.0791,176.983426662,2.984438076,281.220993455,INS_ALIGNMENT_COMPLETE*cadb2c82
$GPGGA,055846.00,3633.7184455,N,11909.7285256,E,4,49,0.7,99.839,M,1.450,M,1.000,3863*48
#INSPVAA,COM3,0,70.8,FINESTEERING,2358,194344.500,00000000,01e5,781;2358,194344.500000000,36.56196914771,119.16214539017,101.2831,-1.2696,0.3582,-0.0676,177.121707647,3.151195916,281.950466973,INS_ALIGNMENT_COMPLETE*cd9a0fcd
$GPGGA,055846.50,3633.7181000,N,11909.7285583,E,4,49,0.7,99.833,M,1.450,M,1.500,3863*4C
<ERROR:Invalid Message ID
[COM3]
<ERROR:Invalid Message ID
[COM3]
#INSPVAA,COM3,0,69.2,FINESTEERING,2358,194345.000,00000000,03d9,781;2358,194345.000000000,36.56196274282,119.16214514892,101.2716,-1.2306,0.2710,-0.0127,177.049683199,3.286223878,282.059841112,INS_ALIGNMENT_COMPLETE*a43c7e06
$GPGGA,055847.00,3633.7177571,N,11909.7285792,E,4,49,0.7,99.825,M,1.450,M,1.000,3863*42
#INSPVAA,COM3,0,69.2,FINESTEERING,2358,194345.500,00000000,01e5,781;2358,194345.500000000,36.56195702110,119.16214604338,101.2768,-1.2756,0.2709,0.0266,177.029886269,3.255739305,282.391213677,INS_ALIGNMENT_COMPLETE*ade67c98
$GPGGA,055847.50,3633.7174126,N,11909.7285939,E,4,49,0.7,99.825,M,1.450,M,1.500,3863*48
#INSPVAA,COM3,0,69.2,FINESTEERING,2358,194346.000,00000000,03d9,781;2358,194346.000000000,36.56195088323,119.16214561489,101.2762,-1.3901,0.2671,-0.0781,176.575920137,3.396241646,282.969592215,INS_ALIGNMENT_COMPLETE*431b16f1
$GPGGA,055848.00,3633.7170683,N,11909.7286189,E,4,49,0.7,99.821,M,1.450,M,1.000,3863*4F
#INSPVAA,COM3,0,69.2,FINESTEERING,2358,194346.500,00000000,01e5,781;2358,194346.500000000,36.56194485841,119.16214648746,101.2591,-1.2273,0.2090,0.0638,176.533132517,3.591417952,283.860533628,INS_ALIGNMENT_COMPLETE*f07c2728
$GPGGA,055848.50,3633.7167244,N,11909.7286451,E,4,49,0.7,99.797,M,1.450,M,1.500,3863*44
#INSPVAA,COM3,0,66.2,FINESTEERING,2358,194347.000,00000000,03d9,781;2358,194347.000000000,36.56193966469,119.16214578612,101.2881,-1.3078,0.2118,0.0445,177.075056267,2.657817348,283.667536335,INS_ALIGNMENT_COMPLETE*2cf951fa
$GPGGA,055849.00,3633.7163785,N,11909.7286052,E,4,49,0.7,99.824,M,1.450,M,1.000,3863*49
#INSPVAA,COM3,0,66.2,FINESTEERING,2358,194347.500,00000000,01e5,781;2358,194347.500000000,36.56193299773,119.16214603191,101.2906,-1.5340,0.1956,0.0321,176.429925731,2.887649215,285.287901319,INS_ALIGNMENT_COMPLETE*4fa6fd0e
$GPGGA,055849.50,3633.7160307,N,11909.7286598,E,4,49,0.7,99.823,M,1.450,M,1.500,3863*40
#INSPVAA,COM3,0,77.0,FINESTEERING,2358,194348.000,00000000,03d9,781;2358,194348.000000000,36.56192663158,119.16214520627,101.2758,-1.3354,0.1434,-0.0163,175.686732492,3.167991985,286.173059803,INS_ALIGNMENT_COMPLETE*b2aed9c3
$GPGGA,055850.00,3633.7156825,N,11909.7286749,E,4,49,0.7,99.802,M,1.450,M,1.000,3863*4B
#INSPVAA,COM3,0,77.0,FINESTEERING,2358,194348.500,00000000,01e5,781;2358,194348.500000000,36.56192101430,119.16214540168,101.2746,-1.4267,-0.0516,0.0331,175.768319592,3.262185244,287.120900981,INS_ALIGNMENT_COMPLETE*18dfca87
$GPGGA,055850.50,3633.7153211,N,11909.7286770,E,4,49,0.7,99.798,M,1.450,M,1.500,3863*45
#INSPVAA,COM3,0,77.0,FINESTEERING,2358,194349.000,00000000,03d9,781;2358,194349.000000000,36.56191543518,119.16214433475,101.2596,-1.5722,-0.1084,-0.0697,174.426572415,3.681183074,288.897360791,INS_ALIGNMENT_COMPLETE*208b57b2
$GPGGA,055851.00,3633.7149092,N,11909.7287019,E,4,49,0.7,99.800,M,1.450,M,1.000,3863*41
#INSPVAA,COM3,0,77.0,FINESTEERING,2358,194349.500,00000000,01e5,781;2358,194349.500000000,36.56190908365,119.16214391187,101.2567,-1.1867,-0.1108,0.0182,174.688454665,3.707491058,289.965212705,INS_ALIGNMENT_COMPLETE*41e65055
$GPGGA,055851.50,3633.7144891,N,11909.7286938,E,4,49,0.7,99.797,M,1.450,M,1.500,3863*4D
#INSPVAA,COM3,0,77.6,FINESTEERING,2358,194350.000,00000000,03d9,781;2358,194350.000000000,36.56190291782,119.16214388901,101.2559,-1.5293,-0.1011,0.0781,174.886643632,3.545572400,290.239639602,INS_ALIGNMENT_COMPLETE*1a51a5d5
$GPGGA,055852.00,3633.7140726,N,11909.7286547,E,4,48,0.7,99.794,M,1.450,M,1.000,3863*4F
#INSPVAA,COM3,0,77.6,FINESTEERING,2358,194350.500,00000000,01e5,781;2358,194350.500000000,36.56189520325,119.16214349668,101.2380,-1.3951,-0.0996,-0.0919,174.108622434,4.019278853,291.256873881,INS_ALIGNMENT_COMPLETE*e354f624
$GPGGA,055852.50,3633.7136308,N,11909.7286671,E,4,49,0.7,99.784,M,1.450,M,1.500,3863*40
#INSPVAA,COM3,0,77.2,FINESTEERING,2358,194351.000,00000000,03d9,781;2358,194351.000000000,36.56188808879,119.16214338362,101.2149,-1.3180,-0.0702,0.0321,176.288491529,3.590541245,289.982928970,INS_ALIGNMENT_COMPLETE*42eec01d
$GPGGA,055853.00,3633.7131845,N,11909.7285676,E,4,48,0.7,99.746,M,1.450,M,1.000,3863*4F
#INSPVAA,COM3,0,77.2,FINESTEERING,2358,194351.500,00000000,01e5,781;2358,194351.500000000,36.56188030384,119.16214283473,101.1983,-1.6985,-0.0650,-0.0468,176.716788390,3.660500624,290.144616408,INS_ALIGNMENT_COMPLETE*8c4a3e27
$GPGGA,055853.50,3633.7127406,N,11909.7285298,E,4,49,0.7,99.733,M,1.450,M,1.500,3863*44
#INSPVAA,COM3,0,78.7,FINESTEERING,2358,194352.000,00000000,03d9,781;2358,194352.000000000,36.56187174703,119.16214182736,101.1529,-1.5903,-0.1725,0.0276,177.305037635,4.001741604,289.894700480,INS_ALIGNMENT_COMPLETE*c4004626
$GPGGA,055854.00,3633.7122772,N,11909.7284865,E,4,49,0.6,99.683,M,1.450,M,1.000,3863*44
#INSPVAA,COM3,0,78.7,FINESTEERING,2358,194352.500,00000000,01e5,781;2358,194352.500000000,36.56186388196,119.16214056599,101.1671,-1.9127,-0.1841,0.0024,176.545512659,3.888003141,289.683206725,INS_ALIGNMENT_COMPLETE*c3fbf73c
$GPGGA,055854.50,3633.7117861,N,11909.7284311,E,4,49,0.6,99.702,M,1.450,M,1.500,3863*4F
#INSPVAA,COM3,0,77.7,FINESTEERING,2358,194353.000,00000000,03d9,781;2358,194353.000000000,36.56185498414,119.16213926261,101.1447,-1.7031,-0.1911,0.0601,176.519587090,4.099864008,290.856340447,INS_ALIGNMENT_COMPLETE*15c39960
$GPGGA,055855.00,3633.7112839,N,11909.7284195,E,4,49,0.6,99.703,M,1.450,M,1.000,3863*49
#INSPVAA,COM3,0,77.7,FINESTEERING,2358,194353.500,00000000,01e5,781;2358,194353.500000000,36.56184746439,119.16213879940,101.1690,-1.7624,-0.1539,0.0491,177.500618966,3.324654918,289.517424152,INS_ALIGNMENT_COMPLETE*6d5a29ff
$GPGGA,055855.50,3633.7107927,N,11909.7283101,E,4,49,0.6,99.727,M,1.450,M,1.500,3863*4F
#INSPVAA,COM3,0,77.6,FINESTEERING,2358,194354.000,00000000,03d9,781;2358,194354.000000000,36.56183883779,119.16213909390,101.1522,-1.8878,-0.0596,-0.0058,177.965764393,3.330216194,288.935265183,INS_ALIGNMENT_COMPLETE*9f346095
$GPGGA,055856.00,3633.7102973,N,11909.7282655,E,4,49,0.6,99.696,M,1.450,M,1.000,3863*44
#INSPVAA,COM3,0,77.6,FINESTEERING,2358,194354.500,00000000,01e5,781;2358,194354.500000000,36.56182999352,119.16213796391,101.1753,-1.9065,-0.0586,-0.0550,178.231832809,2.612072313,288.028049608,INS_ALIGNMENT_COMPLETE*706a5f78
$GPGGA,055856.50,3633.7097928,N,11909.7282053,E,4,48,0.6,99.723,M,1.450,M,1.500,3863*49
#INSPVAA,COM3,0,78.8,FINESTEERING,2358,194355.000,00000000,03d9,781;2358,194355.000000000,36.56182076079,119.16213657992,101.1662,-2.0998,-0.0770,-0.0051,178.857192529,2.211844235,287.059563251,INS_ALIGNMENT_COMPLETE*a9092bb4
$GPGGA,055857.00,3633.7092878,N,11909.7281355,E,4,49,0.6,99.723,M,1.450,M,1.000,3863*4E
#INSPVAA,COM3,0,78.8,FINESTEERING,2358,194355.500,00000000,01e5,781;2358,194355.500000000,36.56181152952,119.16213598430,101.1529,-2.0666,-0.0254,0.0157,179.296352172,2.466121698,286.165321292,INS_ALIGNMENT_COMPLETE*1acc53d2
$GPGGA,055857.50,3633.7087857,N,11909.7281168,E,4,49,0.6,99.698,M,1.450,M,1.500,3863*4A
#INSPVAA,COM3,0,79.0,FINESTEERING,2358,194356.000,00000000,03d9,781;2358,194356.000000000,36.56180255450,119.16213517080,101.1309,-2.1960,0.0224,-0.1175,179.888248989,2.769358749,284.913301996,INS_ALIGNMENT_COMPLETE*a846e61e
$GPGGA,055858.00,3633.7082866,N,11909.7280867,E,4,49,0.7,99.669,M,1.450,M,1.000,3863*4A
#INSPVAA,COM3,0,79.0,FINESTEERING,2358,194356.500,00000000,01e5,781;2358,194356.500000000,36.56179352431,119.16213481685,101.1343,-2.2163,-0.0065,-0.0361,179.799746538,2.784324333,283.336349455,INS_ALIGNMENT_COMPLETE*316a0b30
$GPGGA,055858.50,3633.7077800,N,11909.7280910,E,4,49,0.7,99.661,M,1.450,M,1.500,3863*49
#INSPVAA,COM3,0,77.7,FINESTEERING,2358,194357.000,00000000,03d9,781;2358,194357.000000000,36.56178475136,119.16213433858,101.1553,-2.4372,-0.0598,0.0952,177.935787799,3.010681065,281.791395860,INS_ALIGNMENT_COMPLETE*3030c3e1
$GPGGA,055859.00,3633.7072810,N,11909.7281340,E,4,49,0.7,99.681,M,1.450,M,1.000,3863*4C
#INSPVAA,COM3,0,77.7,FINESTEERING,2358,194357.500,00000000,01e5,781;2358,194357.500000000,36.56177610345,119.16213446220,101.1561,-2.1989,-0.0660,0.0659,178.364149686,2.887241249,280.147336050,INS_ALIGNMENT_COMPLETE*a4160696
$GPGGA,055859.50,3633.7067719,N,11909.7281599,E,4,48,0.7,99.692,M,1.450,M,1.500,3863*4F
#INSPVAA,COM3,0,75.7,FINESTEERING,2358,194358.000,00000000,03d9,781;2358,194358.000000000,36.56176857449,119.16213499471,101.1572,-2.4444,-0.0417,0.0722,177.334339513,3.204392034,277.950018369,INS_ALIGNMENT_COMPLETE*6f7c362f
$GPGGA,055900.00,3633.7062834,N,11909.7282150,E,4,49,0.7,99.687,M,1.450,M,1.000,3863*40
#INSPVAA,COM3,0,75.7,FINESTEERING,2358,194358.500,00000000,01e5,781;2358,194358.500000000,36.56175944622,119.16213553050,101.1740,-2.1649,-0.0133,-0.1055,176.486998662,2.836140644,276.716759530,INS_ALIGNMENT_COMPLETE*e9682556
$GPGGA,055900.50,3633.7057532,N,11909.7283123,E,4,49,0.7,99.701,M,1.450,M,1.500,3863*47
#INSPVAA,COM3,0,77.0,FINESTEERING,2358,194359.000,00000000,03d9,781;2358,194359.000000000,36.56175186980,119.16213741759,101.1749,-2.3571,0.1386,0.0497,176.609240076,2.922846382,276.189615634,INS_ALIGNMENT_COMPLETE*7ebbd900
$GPGGA,055901.00,3633.7052640,N,11909.7284271,E,4,49,0.7,99.693,M,1.450,M,1.000,3863*4C
#INSPVAA,COM3,0,77.0,FINESTEERING,2358,194359.500,00000000,01e5,781;2358,194359.500000000,36.56174241176,119.16213952148,101.1645,-2.2606,0.1999,-0.1768,175.017818420,3.475669486,277.498805563,INS_ALIGNMENT_COMPLETE*38f0a7fe
$GPGGA,055901.50,3633.7047470,N,11909.7285882,E,4,49,0.7,99.659,M,1.450,M,0.500,3863*49
#INSPVAA,COM3,0,76.5,FINESTEERING,2358,194360.000,00000000,03d9,781;2358,194360.000000000,36.56173473691,119.16214298480,101.1306,-1.8866,0.1888,0.0646,174.584040005,4.418334804,277.999719033,INS_ALIGNMENT_COMPLETE*a8fb649e
$GPGGA,055902.00,3633.7042526,N,11909.7287250,E,4,49,0.7,99.632,M,1.450,M,1.000,3863*46
#INSPVAA,COM3,0,76.5,FINESTEERING,2358,194360.500,00000000,01e5,781;2358,194360.500000000,36.56172841225,119.16214513374,101.1399,-1.6877,0.2487,-0.0397,178.253051962,3.171208392,277.415634779,INS_ALIGNMENT_COMPLETE*ecca1303
$GPGGA,055902.50,3633.7037762,N,11909.7287378,E,4,49,0.7,99.665,M,1.450,M,1.500,3863*4F
#INSPVAA,COM3,0,75.7,FINESTEERING,2358,194361.000,00000000,03d9,781;2358,194361.000000000,36.56172206043,119.16214897523,101.1428,-1.9711,0.3978,-0.0464,178.674276468,2.942025065,277.869240889,INS_ALIGNMENT_COMPLETE*2866e306
$GPGGA,055903.00,3633.7032877,N,11909.7288595,E,4,49,0.7,99.694,M,1.450,M,1.000,3863*44
#INSPVAA,COM3,0,75.7,FINESTEERING,2358,194361.500,00000000,01e5,781;2358,194361.500000000,36.56171286421,119.16215053307,101.1354,-1.8801,0.3997,0.0516,177.854817032,3.344566540,279.622736913,INS_ALIGNMENT_COMPLETE*ad979194
$GPGGA,055903.50,3633.7027843,N,11909.7289903,E,4,49,0.7,99.691,M,1.450,M,0.500,3863*41
#INSPVAA,COM3,0,75.4,FINESTEERING,2358,194362.000,00000000,03d9,781;2358,194362.000000000,36.56170389220,119.16215117419,101.1526,-1.8157,0.3269,0.1050,177.583697850,2.665324222,280.459100324,INS_ALIGNMENT_COMPLETE*91a24a77
$GPGGA,055904.00,3633.7022365,N,11909.7290404,E,4,49,0.7,99.687,M,1.450,M,1.000,3863*48
#INSPVAA,COM3,0,75.4,FINESTEERING,2358,194362.500,00000000,01e5,781;2358,194362.500000000,36.56169579961,119.16215298321,101.1270,-1.6427,0.3429,0.0035,177.631488553,2.730398999,281.748422574,INS_ALIGNMENT_COMPLETE*4877723d
$GPGGA,055904.50,3633.7017248,N,11909.7291191,E,4,49,0.7,99.662,M,1.450,M,1.500,3863*43
#INSPVAA,COM3,0,77.5,FINESTEERING,2358,194363.000,00000000,03d9,781;2358,194363.000000000,36.56168849994,119.16215453711,101.1278,-1.7338,0.3835,0.0698,178.264194441,2.209283744,282.052221368,INS_ALIGNMENT_COMPLETE*88b4727a
$GPGGA,055905.00,3633.7012248,N,11909.7291455,E,4,49,0.7,99.685,M,1.450,M,1.000,3863*43
#INSPVAA,COM3,0,77.5,FINESTEERING,2358,194363.500,00000000,01e5,781;2358,194363.500000000,36.56167979247,119.16215583732,101.0967,-1.7154,0.3809,-0.0202,178.212480658,2.554404968,283.299989724,INS_ALIGNMENT_COMPLETE*bb7d70d6
$GPGGA,055905.50,3633.7007162,N,11909.7292191,E,4,49,0.7,99.659,M,1.450,M,1.500,3863*43
#INSPVAA,COM3,0,77.3,FINESTEERING,2358,194364.000,00000000,03d9,781;2358,194364.000000000,36.56167101051,119.16215596093,101.0757,-1.6817,0.3738,-0.1299,178.765912119,2.488195383,283.257420978,INS_ALIGNMENT_COMPLETE*70035e51
$GPGGA,055906.00,3633.7001890,N,11909.7292291,E,4,49,0.7,99.641,M,1.450,M,1.000,3863*48
#INSPVAA,COM3,0,77.3,FINESTEERING,2358,194364.500,00000000,01e5,781;2358,194364.500000000,36.56166251868,119.16215695843,101.0673,-1.8314,0.3379,0.0536,178.350128100,2.641196738,283.991403276,INS_ALIGNMENT_COMPLETE*e32cf683
$GPGGA,055906.50,3633.6996803,N,11909.7292689,E,4,49,0.7,99.631,M,1.450,M,1.500,3863*4E
#INSPVAA,COM3,0,77.1,FINESTEERING,2358,194365.000,00000000,03da,781;2358,194365.000000000,36.56165340277,119.16215707005,101.0579,-1.7441,0.2878,0.0052,177.683864269,2.884714637,284.536096464,INS_ALIGNMENT_COMPLETE*513308c5
$GPGGA,055907.00,3633.6991627,N,11909.7292980,E,4,49,0.7,99.606,M,1.450,M,1.000,3863*42
#INSPVAA,COM3,0,77.1,FINESTEERING,2358,194365.500,00000000,01e6,781;2358,194365.500000000,36.56164553871,119.16215774060,101.0445,-1.7440,0.2630,0.0638,178.530737219,2.750659465,284.778222696,INS_ALIGNMENT_COMPLETE*ee998fa2
$GPGGA,055907.50,3633.6986578,N,11909.7292812,E,4,49,0.7,99.598,M,1.450,M,1.500,3863*43
#INSPVAA,COM3,0,77.3,FINESTEERING,2358,194366.000,00000000,03da,781;2358,194366.000000000,36.56163682515,119.16215749254,101.0547,-1.8568,0.2332,-0.0306,178.123034653,2.329963702,285.329828243,INS_ALIGNMENT_COMPLETE*55ba2695
$GPGGA,055908.00,3633.6981433,N,11909.7292944,E,4,49,0.7,99.602,M,1.450,M,1.000,3863*47
#INSPVAA,COM3,0,77.3,FINESTEERING,2358,194366.500,00000000,01e6,781;2358,194366.500000000,36.56162857971,119.16215771867,101.0243,-1.6823,0.1690,0.0813,179.051885315,2.448410763,285.715065103,INS_ALIGNMENT_COMPLETE*4f371308
$GPGGA,055908.50,3633.6976384,N,11909.7292692,E,4,49,0.7,99.571,M,1.450,M,1.500,3863*47
#INSPVAA,COM3,0,76.9,FINESTEERING,2358,194367.000,00000000,03da,781;2358,194367.000000000,36.56161948073,119.16215667388,101.0267,-1.9139,0.1703,-0.0894,179.142189401,2.066731484,285.969860377,INS_ALIGNMENT_COMPLETE*ad30c5a1
$GPGGA,055909.00,3633.6971171,N,11909.7292488,E,4,49,0.7,99.570,M,1.450,M,1.000,3863*41
#INSPVAA,COM3,0,76.9,FINESTEERING,2358,194367.500,00000000,01e6,781;2358,194367.500000000,36.56161069122,119.16215623581,101.0143,-1.8031,0.0980,-0.0629,178.909420615,1.964426842,286.263794349,INS_ALIGNMENT_COMPLETE*0920b3d1
$GPGGA,055909.50,3633.6965985,N,11909.7292336,E,4,49,0.7,99.561,M,1.450,M,1.500,3863*45
#INSPVAA,COM3,0,76.9,FINESTEERING,2358,194368.000,00000000,03d9,781;2358,194368.000000000,36.56160165529,119.16215462765,101.0147,-1.8698,0.0455,-0.0039,179.359476305,1.655243707,286.234634733,INS_ALIGNMENT_COMPLETE*776db597
$GPGGA,055910.00,3633.6960769,N,11909.7291872,E,4,49,0.7,99.562,M,1.450,M,1.000,3863*4F
#INSPVAA,COM3,0,76.9,FINESTEERING,2358,194368.500,00000000,01e5,781;2358,194368.500000000,36.56159290263,119.16215409792,101.0072,-2.0433,-0.0356,0.1420,178.955020129,1.423480266,286.218152525,INS_ALIGNMENT_COMPLETE*679a5a30
$GPGGA,055910.50,3633.6955609,N,11909.7291512,E,4,49,0.7,99.554,M,1.450,M,1.500,3863*40
#INSPVAA,COM3,0,78.7,FINESTEERING,2358,194369.000,00000000,03d9,781;2358,194369.000000000,36.56158319295,119.16215337122,100.9331,-2.0616,0.0220,-0.0990,177.807196308,3.447741967,286.607590757,INS_ALIGNMENT_COMPLETE*9ba3b512
$GPGGA,055911.00,3633.6950538,N,11909.7291685,E,4,49,0.7,99.477,M,1.450,M,1.000,3863*48
#INSPVAA,COM3,0,78.7,FINESTEERING,2358,194369.500,00000000,01e5,781;2358,194369.500000000,36.56157462052,119.16215297083,100.9423,-2.0141,0.0591,-0.1478,177.141993713,3.364967271,286.661790016,INS_ALIGNMENT_COMPLETE*bbff5b89
$GPGGA,055911.50,3633.6945353,N,11909.7291439,E,4,49,0.7,99.491,M,1.450,M,1.500,3863*4A
#INSPVAA,COM3,0,78.8,FINESTEERING,2358,194370.000,00000000,03d9,781;2358,194370.000000000,36.56156692009,119.16215260854,100.8985,-1.8284,-0.0756,-0.0309,178.377290780,3.622452633,285.997521554,INS_ALIGNMENT_COMPLETE*6628b1c9
$GPGGA,055912.00,3633.6940427,N,11909.7290820,E,4,49,0.7,99.446,M,1.450,M,1.000,3863*47
#INSPVAA,COM3,0,78.8,FINESTEERING,2358,194370.500,00000000,01e5,781;2358,194370.500000000,36.56155774748,119.16215177378,100.9523,-2.0935,-0.0903,0.1142,177.357443301,3.071248965,285.699108062,INS_ALIGNMENT_COMPLETE*c65d17ae
$GPGGA,055912.50,3633.6935213,N,11909.7290776,E,4,49,0.7,99.507,M,1.450,M,1.500,3863*4C
<ERROR:Invalid Message ID
[COM3]
#INSPVAA,COM3,0,77.3,FINESTEERING,2358,194371.000,00000000,03d9,781;2358,194371.000000000,36.56154930814,119.16215067945,100.8951,-1.9947,-0.1108,0.1475,178.265242373,3.977454581,284.869855396,INS_ALIGNMENT_COMPLETE*4c97e42d
$GPGGA,055913.00,3633.6930264,N,11909.7290254,E,4,49,0.7,99.442,M,1.450,M,1.000,3863*4D
#INSPVAA,COM3,0,77.3,FINESTEERING,2358,194371.500,00000000,01e5,781;2358,194371.500000000,36.56154006934,119.16214988892,100.9689,-2.1006,-0.0565,-0.3461,177.136838524,3.065557929,285.085972764,INS_ALIGNMENT_COMPLETE*b9bfb663
$GPGGA,055913.50,3633.6925004,N,11909.7290444,E,4,49,0.7,99.524,M,1.450,M,1.500,3863*4B
#INSPVAA,COM3,0,78.1,FINESTEERING,2358,194372.000,00000000,03d9,781;2358,194372.000000000,36.56153173303,119.16214892472,100.9537,-2.0425,-0.1745,0.0136,176.750687597,3.121537696,284.148775913,INS_ALIGNMENT_COMPLETE*ab1cb7be
$GPGGA,055914.00,3633.6919780,N,11909.7290350,E,4,49,0.7,99.507,M,1.450,M,1.000,3863*4B
#INSPVAA,COM3,0,78.1,FINESTEERING,2358,194372.500,00000000,01e5,781;2358,194372.500000000,36.56152262625,119.16214900458,100.9771,-2.2121,-0.1490,0.1250,176.292448744,3.074313801,283.911887589,INS_ALIGNMENT_COMPLETE*fd0d3896
$GPGGA,055914.50,3633.6914612,N,11909.7290581,E,4,49,0.7,99.529,M,1.450,M,1.500,3863*4A
#INSPVAA,COM3,0,77.8,FINESTEERING,2358,194373.000,00000000,03d9,781;2358,194373.000000000,36.56151470095,119.16214966539,100.9626,-1.8981,-0.1297,0.1658,177.822836068,2.585715998,282.928752120,INS_ALIGNMENT_COMPLETE*2e9a4304
$GPGGA,055915.00,3633.6909537,N,11909.7290286,E,4,49,0.7,99.503,M,1.450,M,1.000,3863*4B
#INSPVAA,COM3,0,77.8,FINESTEERING,2358,194373.500,00000000,01e5,781;2358,194373.500000000,36.56150535332,119.16214973229,100.9284,-2.4303,0.0329,0.0067,176.066078407,3.735310967,282.281757899,INS_ALIGNMENT_COMPLETE*e4ce34fc
$GPGGA,055915.50,3633.6904312,N,11909.7290720,E,4,49,0.7,99.473,M,1.450,M,1.500,3863*48
#INSPVAA,COM3,0,78.0,FINESTEERING,2358,194374.000,00000000,03d9,781;2358,194374.000000000,36.56149701301,119.16214994946,100.9636,-1.6347,-0.0632,-0.0528,177.710743270,2.418807746,282.426488905,INS_ALIGNMENT_COMPLETE*0b633bfe
$GPGGA,055916.00,3633.6899077,N,11909.7290896,E,4,49,0.7,99.521,M,1.450,M,1.000,3863*4A
#INSPVAA,COM3,0,78.0,FINESTEERING,2358,194374.500,00000000,01e5,781;2358,194374.500000000,36.56148932176,119.16215010203,100.9762,-2.1006,0.0159,-0.1528,178.710606524,1.578710354,279.869895833,INS_ALIGNMENT_COMPLETE*1cd4e9e9
$GPGGA,055916.50,3633.6893847,N,11909.7290467,E,4,49,0.7,99.533,M,1.450,M,1.500,3863*4A
#INSPVAA,COM3,0,77.3,FINESTEERING,2358,194375.000,00000000,03d9,781;2358,194375.000000000,36.56147995014,119.16215181926,100.9544,-2.2011,0.0280,-0.0119,177.204735618,2.602942345,281.337877998,INS_ALIGNMENT_COMPLETE*480009af
$GPGGA,055917.00,3633.6888567,N,11909.7291861,E,4,49,0.7,99.465,M,1.450,M,1.000,3863*47
#INSPVAA,COM3,0,77.3,FINESTEERING,2358,194375.500,00000000,01e5,781;2358,194375.500000000,36.56147180907,119.16215251971,100.9384,-1.8777,-0.0179,0.0992,178.332028302,2.412375703,281.071818282,INS_ALIGNMENT_COMPLETE*78e608fa
$GPGGA,055917.50,3633.6883418,N,11909.7292068,E,4,48,0.7,99.441,M,1.450,M,1.500,3863*40
#INSPVAA,COM3,0,77.5,FINESTEERING,2358,194376.000,00000000,03d9,781;2358,194376.000000000,36.56146355921,119.16215405222,100.9032,-2.1829,0.1485,0.1363,177.265165505,3.314297809,281.379664850,INS_ALIGNMENT_COMPLETE*e6bf64e7
$GPGGA,055918.00,3633.6878655,N,11909.7292984,E,4,48,0.7,99.432,M,1.450,M,1.000,3863*4F
#INSPVAA,COM3,0,77.5,FINESTEERING,2358,194376.500,00000000,01e5,781;2358,194376.500000000,36.56145548291,119.16215490252,100.9249,-1.7015,0.1483,-0.1597,178.733310362,2.727106173,281.694737576,INS_ALIGNMENT_COMPLETE*7a6ef496
$GPGGA,055918.50,3633.6873557,N,11909.7293306,E,4,48,0.7,99.454,M,1.450,M,1.500,3863*44
#INSPVAA,COM3,0,76.9,FINESTEERING,2358,194377.000,00000000,03d9,781;2358,194377.000000000,36.56144797362,119.16215628596,100.9022,-1.9961,0.1457,-0.0194,179.623861844,2.697024443,281.634629407,INS_ALIGNMENT_COMPLETE*ee407b75
$GPGGA,055919.00,3633.6868590,N,11909.7293646,E,4,48,0.7,99.435,M,1.450,M,1.000,3863*42
#INSPVAA,COM3,0,76.9,FINESTEERING,2358,194377.500,00000000,01e5,781;2358,194377.500000000,36.56143875210,119.16215702052,100.8670,-1.9022,0.0840,0.0325,178.907418058,3.436408683,282.748074708,INS_ALIGNMENT_COMPLETE*8544abca
$GPGGA,055919.50,3633.6863547,N,11909.7294624,E,4,49,0.7,99.401,M,1.450,M,1.500,3863*46
#INSPVAA,COM3,0,78.3,FINESTEERING,2358,194378.000,00000000,03d9,781;2358,194378.000000000,36.56143030254,119.16215719943,100.8873,-1.8237,0.0782,0.0715,179.667915004,2.471349677,283.352150142,INS_ALIGNMENT_COMPLETE*00bc4f1e
$GPGGA,055920.00,3633.6858339,N,11909.7294905,E,4,49,0.7,99.421,M,1.450,M,1.000,3863*45
#INSPVAA,COM3,0,78.3,FINESTEERING,2358,194378.500,00000000,01e5,781;2358,194378.500000000,36.56142195577,119.16215823437,100.9047,-1.8928,0.1487,-0.0454,179.573802708,2.255001709,284.181248793,INS_ALIGNMENT_COMPLETE*b806e25b
$GPGGA,055920.50,3633.6853243,N,11909.7295502,E,4,49,0.7,99.443,M,1.450,M,1.500,3863*4C
#INSPVAA,COM3,0,77.3,FINESTEERING,2358,194379.000,00000000,03d9,781;2358,194379.000000000,36.56141388714,119.16215971752,100.9149,-1.8918,0.1327,-0.0892,178.909212202,2.132102414,284.896266937,INS_ALIGNMENT_COMPLETE*f2ca9d1c
$GPGGA,055921.00,3633.6848170,N,11909.7296084,E,4,49,0.7,99.462,M,1.450,M,1.000,3863*4F
#INSPVAA,COM3,0,77.3,FINESTEERING,2358,194379.500,00000000,01e5,781;2358,194379.500000000,36.56140561659,119.16216072411,100.8830,-1.6619,0.1125,0.0172,179.383719855,2.309258688,285.988396977,INS_ALIGNMENT_COMPLETE*252f7fc8
<ERROR:Invalid Message ID
[COM3]
$GPGGA,055921.50,3633.6843062,N,11909.7296575,E,4,49,0.7,99.428,M,1.450,M,1.500,3863*43
#INSPVAA,COM3,0,78.7,FINESTEERING,2358,194380.000,00000000,03d9,781;2358,194380.000000000,36.56139788616,119.16216171777,100.8916,-1.8533,0.1727,0.0373,179.515565771,2.054006596,285.849575645,INS_ALIGNMENT_COMPLETE*4022c898
$GPGGA,055922.00,3633.6837928,N,11909.7296582,E,4,49,0.7,99.442,M,1.450,M,1.000,3863*40
#INSPVAA,COM3,0,78.7,FINESTEERING,2358,194380.500,00000000,01e5,781;2358,194380.500000000,36.56138884851,119.16216233764,100.8861,-1.7642,0.1309,0.0539,179.133741772,2.067486815,287.308204972,INS_ALIGNMENT_COMPLETE*cfd8ad37
$GPGGA,055922.50,3633.6832811,N,11909.7297271,E,4,49,0.7,99.437,M,1.450,M,1.500,3863*46
#INSPVAA,COM3,0,78.4,FINESTEERING,2358,194381.000,00000000,03d9,781;2358,194381.000000000,36.56138017810,119.16216269257,100.8786,-1.7703,0.1643,-0.0223,179.249693173,2.090896035,287.280923311,INS_ALIGNMENT_COMPLETE*07082ce1
$GPGGA,055923.00,3633.6827691,N,11909.7297324,E,4,49,0.7,99.440,M,1.450,M,1.000,3863*44
#INSPVAA,COM3,0,78.4,FINESTEERING,2358,194381.500,00000000,01e5,781;2358,194381.500000000,36.56137164760,119.16216319712,100.8804,-1.7723,0.1731,-0.0934,178.870687312,2.023993109,287.788918465,INS_ALIGNMENT_COMPLETE*2a3c7be0
$GPGGA,055923.50,3633.6822557,N,11909.7297663,E,4,49,0.7,99.445,M,1.450,M,1.500,3863*4B
#INSPVAA,COM3,0,78.5,FINESTEERING,2358,194382.000,00000000,03d9,781;2358,194382.000000000,36.56136325404,119.16216367891,100.8591,-1.7492,0.1661,-0.1296,178.936421883,2.487685692,287.416359007,INS_ALIGNMENT_COMPLETE*2d28d5b9
$GPGGA,055924.00,3633.6817516,N,11909.7297694,E,4,49,0.7,99.409,M,1.450,M,1.000,3863*4F
#INSPVAA,COM3,0,78.5,FINESTEERING,2358,194382.500,00000000,01e5,781;2358,194382.500000000,36.56135480067,119.16216404767,100.8550,-1.8724,0.1160,0.0270,178.434760950,2.739259540,286.965075029,INS_ALIGNMENT_COMPLETE*0e90fa2c
$GPGGA,055924.50,3633.6812452,N,11909.7297891,E,4,49,0.7,99.397,M,1.450,M,1.500,3863*40
#INSPVAA,COM3,0,77.4,FINESTEERING,2358,194383.000,00000000,03d9,781;2358,194383.000000000,36.56134599469,119.16216430810,100.8100,-1.8045,0.1564,0.0375,178.562705442,3.460914226,286.513892854,INS_ALIGNMENT_COMPLETE*cbd1642b
$GPGGA,055925.00,3633.6807520,N,11909.7298105,E,4,49,0.7,99.353,M,1.450,M,1.000,3863*42
#INSPVAA,COM3,0,77.4,FINESTEERING,2358,194383.500,00000000,01e5,781;2358,194383.500000000,36.56133818228,119.16216468347,100.8581,-1.7161,0.2368,0.0663,179.160692349,2.295031698,285.006921004,INS_ALIGNMENT_COMPLETE*c50717eb
$GPGGA,055925.50,3633.6802607,N,11909.7297907,E,4,48,0.7,99.402,M,1.450,M,1.500,3863*46
#INSPVAA,COM3,0,78.5,FINESTEERING,2358,194384.000,00000000,03d9,781;2358,194384.000000000,36.56132979386,119.16216607298,100.8709,-1.8882,0.4506,-0.0361,179.428902464,1.721243486,284.330687327,INS_ALIGNMENT_COMPLETE*c7affba6
$GPGGA,055926.00,3633.6798168,N,11909.7298333,E,4,48,0.7,99.420,M,1.450,M,1.000,3863*45
#INSPVAA,COM3,0,78.5,FINESTEERING,2358,194384.500,00000000,01e5,781;2358,194384.500000000,36.56132259745,119.16216782544,100.8443,-1.5457,0.4444,0.0032,-178.445708948,1.576717382,282.446995558,INS_ALIGNMENT_COMPLETE*1aeb34d2
$GPGGA,055926.50,3633.6794018,N,11909.7298596,E,4,49,0.7,99.417,M,1.450,M,1.500,3863*43
#INSPVAA,COM3,0,77.4,FINESTEERING,2358,194385.000,00000000,03d9,781;2358,194385.000000000,36.56131514170,119.16216828584,100.8341,-1.9558,0.3548,-0.0862,-178.325596535,1.701319694,280.173223175,INS_ALIGNMENT_COMPLETE*a1781710
$GPGGA,055927.00,3633.6790318,N,11909.7298610,E,4,48,0.7,99.392,M,1.450,M,1.000,3863*43
#INSPVAA,COM3,0,77.4,FINESTEERING,2358,194385.500,00000000,01e5,781;2358,194385.500000000,36.56130817570,119.16216762817,100.8458,-1.5890,0.1098,-0.0095,-177.817328177,0.816160918,277.479631218,INS_ALIGNMENT_COMPLETE*05143066
$GPGGA,055927.50,3633.6786247,N,11909.7298998,E,4,49,0.7,99.391,M,1.450,M,1.500,3863*42
#INSPVAA,COM3,0,76.4,FINESTEERING,2358,194386.000,00000000,03d9,781;2358,194386.000000000,36.56130333935,119.16216420765,100.8536,-1.7171,0.0852,0.0081,-175.931286724,0.101645411,271.797370031,INS_ALIGNMENT_COMPLETE*c8e8663b
$GPGGA,055928.00,3633.6782557,N,11909.7298079,E,4,49,0.7,99.396,M,1.450,M,1.000,3863*4E
#INSPVAA,COM3,0,76.4,FINESTEERING,2358,194386.500,00000000,01e5,781;2358,194386.500000000,36.56129481535,119.16216492262,100.8386,-1.9854,0.1792,-0.0758,-177.798097658,1.394841286,270.176063437,INS_ALIGNMENT_COMPLETE*961cc49e
$GPGGA,055928.50,3633.6778556,N,11909.7299710,E,4,49,0.7,99.382,M,1.450,M,0.500,3863*47
#INSPVAA,COM3,0,77.6,FINESTEERING,2358,194387.000,00000000,03d9,781;2358,194387.000000000,36.56128801472,119.16216391063,100.8118,-1.5193,-0.2081,-0.0447,-176.386789221,0.627762496,266.594043490,INS_ALIGNMENT_COMPLETE*e00043d0
$GPGGA,055929.00,3633.6774372,N,11909.7300259,E,4,49,0.8,99.358,M,1.451,M,1.000,3863*4B
#INSPVAA,COM3,0,77.6,FINESTEERING,2358,194387.500,00000000,01e5,781;2358,194387.500000000,36.56128166987,119.16216442340,100.7959,-1.8995,-0.0757,0.1731,-176.587238404,0.644506537,261.700878925,INS_ALIGNMENT_COMPLETE*7c94e2ed
$GPGGA,055929.50,3633.6770208,N,11909.7300950,E,4,49,0.8,99.367,M,1.451,M,1.500,3863*4D
#INSPVAA,COM3,0,77.6,FINESTEERING,2358,194388.000,00000000,03d9,781;2358,194388.000000000,36.56127526938,119.16216709175,100.8189,-1.8519,0.1074,0.0303,-178.471079178,0.982463653,259.533403745,INS_ALIGNMENT_COMPLETE*2ec47772
$GPGGA,055930.00,3633.6765557,N,11909.7301751,E,1,46,0.4,99.383,M,1.451,M,1.000,3863*4E
#INSPVAA,COM3,0,77.6,FINESTEERING,2358,194388.500,00000000,01e5,781;2358,194388.500000000,36.56126872709,119.16216922519,100.8400,-1.5905,-0.0390,-0.1640,-179.320452833,0.587339388,256.476044620,INS_ALIGNMENT_COMPLETE*86b9d8fa
$GPGGA,055930.50,3633.6762994,N,11909.7305021,E,5,49,0.7,99.459,M,1.451,M,1.500,3863*46
#INSPVAA,COM3,0,77.6,FINESTEERING,2358,194389.000,00000000,03d9,781;2358,194389.000000000,36.56126317190,119.16217337464,100.8891,-1.8049,0.2173,0.0095,179.171738946,0.201968903,253.936936340,INS_ALIGNMENT_COMPLETE*8ca5fb3b
$GPGGA,055931.00,3633.6758719,N,11909.7305907,E,1,46,0.4,99.481,M,1.451,M,1.000,3863*45
#INSPVAA,COM3,0,77.6,FINESTEERING,2358,194389.500,00000000,01e5,781;2358,194389.500000000,36.56125767128,119.16217734064,100.7901,-1.4039,0.0395,0.2302,179.887824341,1.857564330,250.890305841,INS_ALIGNMENT_COMPLETE*20a71026
$GPGGA,055931.50,3633.6756403,N,11909.7310187,E,5,49,0.8,99.252,M,1.451,M,1.500,3863*48
#INSPVAA,COM3,0,77.2,FINESTEERING,2358,194390.000,00000000,03d9,781;2358,194390.000000000,36.56125368309,119.16218312691,100.7934,-1.3782,0.3079,-0.1470,-179.779768404,1.829814993,246.878844471,INS_ALIGNMENT_COMPLETE*809fcbea
$GPGGA,055932.00,3633.6752892,N,11909.7312907,E,4,49,0.7,99.320,M,1.451,M,1.000,3863*43
#INSPVAA,COM3,0,77.2,FINESTEERING,2358,194390.500,00000000,01e6,781;2358,194390.500000000,36.56124824822,119.16218713706,100.7593,-1.1776,0.1745,-0.1355,-177.991667295,1.750284114,243.494595690,INS_ALIGNMENT_COMPLETE*7bb7ac98
$GPGGA,055932.50,3633.6749601,N,11909.7315657,E,4,49,0.7,99.285,M,1.451,M,1.500,3863*4E
<ERROR:Invalid Message ID
[COM3]
#INSPVAA,COM3,0,77.6,FINESTEERING,2358,194391.000,00000000,03da,781;2358,194391.000000000,36.56124381156,119.16219291439,100.7934,-1.2167,0.5745,-0.1546,-177.662637001,1.368619078,237.977172342,INS_ALIGNMENT_COMPLETE*c1be4169
$GPGGA,055933.00,3633.6746280,N,11909.7318684,E,4,49,0.7,99.329,M,1.451,M,1.000,3863*49
#INSPVAA,COM3,0,77.6,FINESTEERING,2358,194391.500,00000000,01e6,781;2358,194391.500000000,36.56123769544,119.16219904456,100.8090,-1.3740,0.7650,0.0730,-178.551262456,1.069469456,236.574581052,INS_ALIGNMENT_COMPLETE*8b098c31
$GPGGA,055933.50,3633.6743693,N,11909.7322434,E,4,48,0.7,99.356,M,1.451,M,1.500,3863*43
#INSPVAA,COM3,0,76.7,FINESTEERING,2358,194392.000,00000000,03da,781;2358,194392.000000000,36.56123270745,119.16220612752,100.7482,-0.9496,0.4321,0.0794,-177.726588127,1.842549700,231.771465870,INS_ALIGNMENT_COMPLETE*71ff695c
$GPGGA,055934.00,3633.6740323,N,11909.7325950,E,4,49,0.7,99.335,M,1.451,M,1.000,3863*45
#INSPVAA,COM3,0,76.7,FINESTEERING,2358,194392.500,00000000,01e6,781;2358,194392.500000000,36.56122792104,119.16221299967,100.7576,-1.1074,1.3558,-0.5416,-179.996642047,2.960619871,229.372325425,INS_ALIGNMENT_COMPLETE*c8f07107
$GPGGA,055934.50,3633.6738111,N,11909.7330092,E,4,48,0.7,99.350,M,1.451,M,0.500,3863*49
#INSPVAA,COM3,0,77.7,FINESTEERING,2358,194393.000,00000000,03da,781;2358,194393.000000000,36.56122474913,119.16222148981,100.7176,-0.5559,0.3151,0.0605,-179.592750468,4.086697476,226.032110438,INS_ALIGNMENT_COMPLETE*60316aa7
$GPGGA,055935.00,3633.6736153,N,11909.7334256,E,4,49,0.7,99.297,M,1.451,M,1.000,3863*44
#INSPVAA,COM3,0,77.7,FINESTEERING,2358,194393.500,00000000,01e5,781;2358,194393.500000000,36.56122307279,119.16222510622,100.6864,-0.9274,1.1339,0.1673,-175.249246081,2.866567881,220.125528720,INS_ALIGNMENT_COMPLETE*1fdeb7fc
$GPGGA,055935.50,3633.6734267,N,11909.7336491,E,4,49,0.7,99.272,M,1.451,M,1.500,3863*46
<ERROR:Invalid Message ID
[COM3]
#INSPVAA,COM3,0,78.7,FINESTEERING,2358,194394.000,00000000,03d9,781;2358,194394.000000000,36.56122116836,119.16223512480,100.6714,-0.4893,0.9888,-0.1411,-178.263027669,4.240529366,219.204562482,INS_ALIGNMENT_COMPLETE*f5ca89ed
$GPGGA,055936.00,3633.6732469,N,11909.7341216,E,1,46,0.4,99.257,M,1.451,M,1.000,3863*4C
#INSPVAA,COM3,0,78.7,FINESTEERING,2358,194394.500,00000000,01e5,781;2358,194394.500000000,36.56122002097,119.16223968828,100.7072,-0.2265,1.1582,0.0037,-175.764924071,2.849023789,213.401004533,INS_ALIGNMENT_COMPLETE*b51db557
$GPGGA,055936.50,3633.6731831,N,11909.7345329,E,1,46,0.4,99.266,M,1.451,M,1.500,3863*45
#INSPVAA,COM3,0,77.8,FINESTEERING,2358,194395.000,00000000,03d9,781;2358,194395.000000000,36.56121847057,119.16224940785,100.8043,-0.2533,1.5156,0.0481,-178.463288809,2.794840894,212.068855998,INS_ALIGNMENT_COMPLETE*43b09530
$GPGGA,055937.00,3633.6731658,N,11909.7351103,E,4,49,0.8,99.406,M,1.451,M,1.000,3863*4C
#INSPVAA,COM3,0,77.8,FINESTEERING,2358,194395.500,00000000,01e5,781;2358,194395.500000000,36.56121683387,119.16225540231,100.7940,-0.0300,0.7726,-0.0226,-177.159384696,2.535273670,208.361148372,INS_ALIGNMENT_COMPLETE*a0c9b1b5
$GPGGA,055937.50,3633.6730389,N,11909.7354973,E,4,48,0.8,99.436,M,1.451,M,1.500,3863*4C
#INSPVAA,COM3,0,76.4,FINESTEERING,2358,194396.000,00000000,03d9,781;2358,194396.000000000,36.56121450322,119.16226232607,100.7670,-0.0529,1.3595,-0.0601,-177.045626347,2.856596812,205.284502052,INS_ALIGNMENT_COMPLETE*62c9411b
$GPGGA,055938.00,3633.6727196,N,11909.7358455,E,4,48,0.8,99.358,M,1.451,M,1.000,3863*43
#INSPVAA,COM3,0,76.4,FINESTEERING,2358,194396.500,00000000,01e5,781;2358,194396.500000000,36.56121319133,119.16227035350,100.7235,0.0300,1.0884,0.0567,-177.717294955,3.590747705,203.227742387,INS_ALIGNMENT_COMPLETE*1231b425
$GPGGA,055938.50,3633.6727014,N,11909.7362766,E,4,48,0.8,99.315,M,1.451,M,1.500,3863*4B
#INSPVAA,COM3,0,75.5,FINESTEERING,2358,194397.000,00000000,03d9,781;2358,194397.000000000,36.56121113249,119.16227782691,100.7573,0.0026,1.0746,0.0447,-177.742117603,2.632734516,199.861734425,INS_ALIGNMENT_COMPLETE*1300984c
$GPGGA,055939.00,3633.6726236,N,11909.7367440,E,4,47,0.8,99.296,M,1.451,M,1.000,3863*4E
#INSPVAA,COM3,0,75.5,FINESTEERING,2358,194397.500,00000000,01e5,781;2358,194397.500000000,36.56121110304,119.16228496347,100.7748,0.1680,1.1750,0.0519,-178.377009145,2.046237946,196.628565408,INS_ALIGNMENT_COMPLETE*1cf49753
$GPGGA,055939.50,3633.6726215,N,11909.7371921,E,4,48,0.8,99.323,M,1.451,M,1.500,3863*42
#INSPVAA,COM3,0,74.3,FINESTEERING,2358,194398.000,00000000,03d9,781;2358,194398.000000000,36.56121148885,119.16229256212,100.8040,0.3115,1.2006,0.0433,-178.770002734,1.582921509,193.951437373,INS_ALIGNMENT_COMPLETE*409764e8
$GPGGA,055940.00,3633.6726326,N,11909.7376401,E,4,48,0.8,99.364,M,1.451,M,1.000,3863*46
#INSPVAA,COM3,0,74.3,FINESTEERING,2358,194398.500,00000000,01e5,781;2358,194398.500000000,36.56121267637,119.16229906333,100.8138,0.3610,0.9205,0.0236,-178.190144648,1.156263912,190.184976135,INS_ALIGNMENT_COMPLETE*ac92cb25
$GPGGA,055940.50,3633.6726492,N,11909.7380651,E,4,47,0.8,99.383,M,1.451,M,1.500,3863*46
<ERROR:Invalid Message ID
[COM3]
#INSPVAA,COM3,0,75.6,FINESTEERING,2358,194399.000,00000000,03d9,781;2358,194399.000000000,36.56121388637,119.16230562642,100.7920,0.4354,1.1049,-0.0032,-176.716375840,0.630715974,186.640078945,INS_ALIGNMENT_COMPLETE*0419ae2a
$GPGGA,055941.00,3633.6726888,N,11909.7384983,E,4,47,0.8,99.384,M,1.451,M,1.000,3863*43
#INSPVAA,COM3,0,75.6,FINESTEERING,2358,194399.500,00000000,01e5,781;2358,194399.500000000,36.56121529384,119.16231290075,100.7492,0.6052,1.0443,-0.2145,-176.576836033,1.153612298,183.128076279,INS_ALIGNMENT_COMPLETE*0c43393f
$GPGGA,055941.50,3633.6727839,N,11909.7389305,E,4,48,0.8,99.326,M,1.451,M,1.500,3863*46
<ERROR:Invalid Message ID
[COM3]
#INSPVAA,COM3,0,75.9,FINESTEERING,2358,194400.000,00000000,03d9,781;2358,194400.000000000,36.56121663900,119.16232063693,100.7050,0.7179,1.0586,-0.0519,-176.756226894,2.171795047,179.133640769,INS_ALIGNMENT_COMPLETE*e7668886
$GPGGA,055942.00,3633.6728787,N,11909.7393568,E,4,48,0.8,99.242,M,1.451,M,1.000,3863*45
#INSPVAA,COM3,0,75.9,FINESTEERING,2358,194400.500,00000000,01e5,781;2358,194400.500000000,36.56121941626,119.16232701059,100.7224,0.8662,1.0752,0.0065,-177.005840829,2.338103770,175.835458702,INS_ALIGNMENT_COMPLETE*007e4d1a
$GPGGA,055942.50,3633.6730096,N,11909.7397446,E,4,48,0.8,99.257,M,1.451,M,1.500,3863*46
#INSPVAA,COM3,0,71.4,FINESTEERING,2358,194401.000,00000000,03d9,781;2358,194401.000000000,36.56122166897,119.16233414335,100.6887,0.8728,0.9663,-0.0154,-177.387745981,3.603324298,172.400817111,INS_ALIGNMENT_COMPLETE*800b7bfa
$GPGGA,055943.00,3633.6731449,N,11909.7400956,E,4,47,0.7,99.254,M,1.451,M,1.000,3863*46
#INSPVAA,COM3,0,71.4,FINESTEERING,2358,194401.500,00000000,01e5,781;2358,194401.500000000,36.56122443069,119.16233929860,100.6669,0.8416,0.7690,0.0010,-176.261632658,3.399276372,168.319707763,INS_ALIGNMENT_COMPLETE*95734f6f
$GPGGA,055943.50,3633.6732903,N,11909.7404760,E,4,47,0.7,99.265,M,1.451,M,1.500,3863*4B
#INSPVAA,COM3,0,77.3,FINESTEERING,2358,194402.000,00000000,03d9,781;2358,194402.000000000,36.56122658138,119.16234513179,100.6399,1.0949,1.0453,-0.0133,-176.952232599,3.643062470,164.551057546,INS_ALIGNMENT_COMPLETE*9a76072e
$GPGGA,055944.00,3633.6734644,N,11909.7408535,E,4,48,0.8,99.215,M,1.451,M,1.000,3863*4F
#INSPVAA,COM3,0,77.3,FINESTEERING,2358,194402.500,00000000,01e5,781;2358,194402.500000000,36.56123077261,119.16235151296,100.5999,1.0979,0.8171,-0.0313,-178.384311298,4.966001624,162.238579196,INS_ALIGNMENT_COMPLETE*9ca2d798
$GPGGA,055944.50,3633.6737045,N,11909.7411495,E,4,48,0.8,99.185,M,1.451,M,0.500,3863*43
#INSPVAA,COM3,0,77.1,FINESTEERING,2358,194403.000,00000000,03d9,781;2358,194403.000000000,36.56123349738,119.16235696452,100.5995,0.9313,0.5891,0.0238,-178.187666007,4.584756454,157.630395429,INS_ALIGNMENT_COMPLETE*af157feb
$GPGGA,055945.00,3633.6738902,N,11909.7415095,E,4,48,0.7,99.149,M,1.451,M,1.000,3863*49
#INSPVAA,COM3,0,77.1,FINESTEERING,2358,194403.500,00000000,01e5,781;2358,194403.500000000,36.56123740392,119.16236154850,100.6024,1.2081,0.7488,-0.0288,-178.300623983,4.703362357,153.917087424,INS_ALIGNMENT_COMPLETE*2598236e
$GPGGA,055945.50,3633.6741217,N,11909.7418195,E,4,48,0.7,99.165,M,1.451,M,1.500,3863*4A
#INSPVAA,COM3,0,78.1,FINESTEERING,2358,194404.000,00000000,03d9,781;2358,194404.000000000,36.56124115655,119.16236681403,100.5861,1.0895,0.6291,0.0008,-179.005546010,5.144385917,150.769248222,INS_ALIGNMENT_COMPLETE*11d1b149
$GPGGA,055946.00,3633.6743838,N,11909.7421028,E,4,47,0.7,99.165,M,1.451,M,1.000,3863*4E
#INSPVAA,COM3,0,78.1,FINESTEERING,2358,194404.500,00000000,01e5,781;2358,194404.500000000,36.56124523981,119.16237041450,100.5761,1.0629,0.4867,-0.0330,-178.493446889,4.819919930,146.621783796,INS_ALIGNMENT_COMPLETE*11347623
$GPGGA,055946.50,3633.6746412,N,11909.7424054,E,4,47,0.7,99.153,M,1.451,M,1.500,3863*44
#INSPVAA,COM3,0,77.4,FINESTEERING,2358,194405.000,00000000,03d9,781;2358,194405.000000000,36.56124966109,119.16237442661,100.5782,1.3096,0.5306,0.0177,-179.009768573,4.820330673,143.157216485,INS_ALIGNMENT_COMPLETE*da093fde
$GPGGA,055947.00,3633.6749273,N,11909.7426639,E,4,47,0.7,99.145,M,1.451,M,1.000,3863*43
#INSPVAA,COM3,0,77.4,FINESTEERING,2358,194405.500,00000000,01e5,781;2358,194405.500000000,36.56125500475,119.16237856421,100.6065,1.2372,0.4048,0.0719,179.932465615,4.664448592,139.855671550,INS_ALIGNMENT_COMPLETE*1f04e60f
$GPGGA,055947.50,3633.6752317,N,11909.7428747,E,4,48,0.7,99.171,M,1.451,M,1.500,3863*44
#INSPVAA,COM3,0,78.3,FINESTEERING,2358,194406.000,00000000,03d9,781;2358,194406.000000000,36.56125991488,119.16238320805,100.6516,1.2924,0.3942,0.0233,-179.928741552,4.045670862,136.006282012,INS_ALIGNMENT_COMPLETE*0dea653f
$GPGGA,055948.00,3633.6755324,N,11909.7431021,E,4,49,0.7,99.227,M,1.451,M,1.000,3863*42
#INSPVAA,COM3,0,78.3,FINESTEERING,2358,194406.500,00000000,01e5,781;2358,194406.500000000,36.56126545882,119.16238599030,100.6777,1.4076,0.3415,-0.0518,179.845543507,4.081863206,133.206701671,INS_ALIGNMENT_COMPLETE*e366a301
$GPGGA,055948.50,3633.6758500,N,11909.7432724,E,4,49,0.7,99.242,M,1.451,M,1.500,3863*4D
#INSPVAA,COM3,0,78.2,FINESTEERING,2358,194407.000,00000000,03d9,781;2358,194407.000000000,36.56127047610,119.16238991393,100.6890,1.0888,0.6708,0.0358,-179.811921811,4.367913394,130.364066026,INS_ALIGNMENT_COMPLETE*94f6334d
$GPGGA,055949.00,3633.6762191,N,11909.7434483,E,4,49,0.8,99.227,M,1.451,M,1.000,3863*4D
<ERROR:Invalid Message ID
[COM3]
#INSPVAA,COM3,0,78.2,FINESTEERING,2358,194407.500,00000000,01e6,781;2358,194407.500000000,36.56127485814,119.16239482369,100.6945,1.0309,0.8814,0.0578,-178.606536356,3.751315449,126.233434665,INS_ALIGNMENT_COMPLETE*81f5110c
$GPGGA,055949.50,3633.6765187,N,11909.7437500,E,1,48,0.4,99.230,M,1.451,M,0.500,3863*4B
#INSPVAA,COM3,0,78.3,FINESTEERING,2358,194408.000,00000000,03d9,781;2358,194408.000000000,36.56127985521,119.16240039510,100.6662,1.1565,0.8500,0.0568,-177.568325353,4.110779790,122.575431366,INS_ALIGNMENT_COMPLETE*8afb5788
$GPGGA,055950.00,3633.6768586,N,11909.7440612,E,1,49,0.4,99.222,M,1.451,M,1.000,3863*48
#INSPVAA,COM3,0,78.3,FINESTEERING,2358,194408.500,00000000,01e5,781;2358,194408.500000000,36.56128551126,119.16240489569,100.6895,1.4049,0.7008,-0.1347,-177.353072119,3.988714353,119.293353169,INS_ALIGNMENT_COMPLETE*0fb9c23c
$GPGGA,055950.50,3633.6772021,N,11909.7443213,E,1,49,0.4,99.230,M,1.451,M,1.500,3863*4E
#INSPVAA,COM3,0,75.5,FINESTEERING,2358,194409.000,00000000,03d9,781;2358,194409.000000000,36.56129176309,119.16240856719,100.6837,1.4675,0.5739,0.0432,-177.152582238,4.354888706,116.823792510,INS_ALIGNMENT_COMPLETE*73a4baf3
$GPGGA,055951.00,3633.6775708,N,11909.7445281,E,1,46,0.4,99.224,M,1.451,M,2.000,3863*40
<ERROR:Invalid Message ID
[COM3]
#INSPVAA,COM3,0,75.5,FINESTEERING,2358,194409.500,00000000,01e5,781;2358,194409.500000000,36.56129907808,119.16241156538,100.7006,1.6281,0.3940,-0.3036,-178.115710743,4.605353432,116.273288290,INS_ALIGNMENT_COMPLETE*87aaa392
$GPGGA,055951.50,3633.6779899,N,11909.7447079,E,1,48,0.4,99.233,M,1.451,M,1.500,3863*47
#INSPVAA,COM3,0,74.3,FINESTEERING,2358,194410.000,00000000,03d9,781;2358,194410.000000000,36.56130623622,119.16241366790,100.7427,1.6426,0.3603,0.0421,-179.510616623,4.761277872,115.588562959,INS_ALIGNMENT_COMPLETE*57f1f640
$GPGGA,055952.00,3633.6784138,N,11909.7448173,E,1,43,0.4,99.257,M,1.451,M,1.000,3863*49
#INSPVAA,COM3,0,74.3,FINESTEERING,2358,194410.500,00000000,01e5,781;2358,194410.500000000,36.56132128685,119.16240885419,100.7441,1.6386,0.1325,0.0672,-178.721130722,4.855902203,115.003332642,INS_ALIGNMENT_COMPLETE*ac896424
$GPGGA,055952.50,3633.6800891,N,11909.7438923,E,4,49,0.8,99.144,M,1.451,M,1.500,3863*48
#INSPVAA,COM3,0,76.1,FINESTEERING,2358,194411.000,00000000,03d9,781;2358,194411.000000000,36.56134408827,119.16239712992,100.7676,2.3717,-0.3511,0.1065,179.814149116,5.677661798,112.738949350,INS_ALIGNMENT_COMPLETE*3723b048
$GPGGA,055953.00,3633.6806528,N,11909.7438370,E,4,49,0.7,99.221,M,1.451,M,1.000,3863*43
#INSPVAA,COM3,0,76.1,FINESTEERING,2358,194411.500,00000000,01e5,781;2358,194411.500000000,36.56135403120,119.16239486260,100.7591,2.1412,-0.5049,0.1342,179.359460983,5.791546208,114.539831720,INS_ALIGNMENT_COMPLETE*ed06e58e
$GPGGA,055953.50,3633.6812259,N,11909.7437434,E,4,48,0.7,99.225,M,1.451,M,1.500,3863*4A
#INSPVAA,COM3,0,74.8,FINESTEERING,2358,194412.000,00000000,03d9,781;2358,194412.000000000,36.56136284784,119.16239176865,100.7236,1.9058,-0.7047,-0.0947,179.938349921,5.551669836,115.002948385,INS_ALIGNMENT_COMPLETE*96dd15bf
$GPGGA,055954.00,3633.6818004,N,11909.7437053,E,4,49,0.7,99.235,M,1.451,M,1.000,3863*48
#INSPVAA,COM3,0,74.8,FINESTEERING,2358,194412.500,00000000,01e5,781;2358,194412.500000000,36.56137182031,119.16238867968,100.7128,2.0293,-0.8471,-0.0884,179.977380929,5.931904275,115.112418035,INS_ALIGNMENT_COMPLETE*4f654eb9
$GPGGA,055954.50,3633.6823825,N,11909.7436383,E,4,49,0.7,99.232,M,1.451,M,0.500,3863*42
#INSPVAA,COM3,0,76.5,FINESTEERING,2358,194413.000,00000000,03d9,781;2358,194413.000000000,36.56138035204,119.16238594374,100.6839,1.7519,-0.9370,0.0175,-178.565123697,5.368644390,115.412671856,INS_ALIGNMENT_COMPLETE*849064f4
$GPGGA,055955.00,3633.6829558,N,11909.7436082,E,4,49,0.7,99.239,M,1.451,M,1.000,3863*46
#INSPVAA,COM3,0,76.5,FINESTEERING,2358,194413.500,00000000,01e5,781;2358,194413.500000000,36.56138887571,119.16238026705,100.6920,2.0446,-1.1095,0.0149,-178.629009265,5.330513213,116.182313080,INS_ALIGNMENT_COMPLETE*98fa22a9
$GPGGA,055955.50,3633.6835234,N,11909.7435419,E,4,49,0.7,99.248,M,1.451,M,1.500,3863*45
#INSPVAA,COM3,0,76.1,FINESTEERING,2358,194414.000,00000000,03d9,781;2358,194414.000000000,36.56139757107,119.16237378644,100.7187,1.7739,-1.2079,0.1668,-179.077584061,5.223059377,117.581136302,INS_ALIGNMENT_COMPLETE*5b39467f
$GPGGA,055956.00,3633.6840787,N,11909.7435290,E,4,49,0.7,99.281,M,1.451,M,1.000,3863*4B
#INSPVAA,COM3,0,76.1,FINESTEERING,2358,194414.500,00000000,01e5,781;2358,194414.500000000,36.56140604854,119.16237266196,100.7007,1.6068,-1.2102,-0.0261,-177.225813168,4.650998527,116.657553417,INS_ALIGNMENT_COMPLETE*418eb4b6
$GPGGA,055956.50,3633.6846498,N,11909.7435379,E,4,49,0.7,99.268,M,1.451,M,1.500,3863*41
#INSPVAA,COM3,0,65.8,FINESTEERING,2358,194415.000,00000000,03d9,781;2358,194415.000000000,36.56141669301,119.16238494818,100.7614,1.9193,-0.7329,-0.0709,-177.526328086,3.992399127,112.355736284,INS_ALIGNMENT_COMPLETE*ce5da90e
$GPGGA,055957.00,3633.6852351,N,11909.7436263,E,4,49,0.7,99.342,M,1.451,M,1.000,3863*47
#INSPVAA,COM3,0,65.8,FINESTEERING,2358,194415.500,00000000,01e5,781;2358,194415.500000000,36.56142526679,119.16238052172,100.7420,1.7400,-0.8317,-0.0569,-177.612104851,4.499626485,113.780866389,INS_ALIGNMENT_COMPLETE*7d5d78dd
$GPGGA,055957.50,3633.6858377,N,11909.7435675,E,4,49,0.7,99.343,M,1.451,M,1.500,3863*48
#INSPVAA,COM3,0,76.0,FINESTEERING,2358,194416.000,00000000,03d9,781;2358,194416.000000000,36.56143276198,119.16237551421,100.7248,1.6753,-0.9784,-0.1043,-177.255385407,4.428828669,113.746155216,INS_ALIGNMENT_COMPLETE*b48ba3f7
$GPGGA,055958.00,3633.6863087,N,11909.7432925,E,1,47,0.4,99.332,M,1.451,M,1.000,3863*40
#INSPVAA,COM3,0,76.0,FINESTEERING,2358,194416.500,00000000,01e6,781;2358,194416.500000000,36.56144447540,119.16237809470,100.7840,1.8922,-0.8749,0.0220,-177.746304691,3.721972694,113.181079330,INS_ALIGNMENT_COMPLETE*4bb2e732
$GPGGA,055958.50,3633.6871044,N,11909.7435737,E,5,49,0.8,99.450,M,1.451,M,1.500,3863*43
<ERROR:Invalid Message ID
[COM3]
#INSPVAA,COM3,0,74.0,FINESTEERING,2358,194417.000,00000000,03da,781;2358,194417.000000000,36.56146048538,119.16238916756,100.8563,2.0509,-0.4737,0.1194,-178.473557825,3.610891189,110.942658249,INS_ALIGNMENT_COMPLETE*de3e28a9
$GPGGA,055959.00,3633.6877265,N,11909.7436394,E,4,49,0.8,99.424,M,1.451,M,1.000,3863*49
#INSPVAA,COM3,0,74.0,FINESTEERING,2358,194417.500,00000000,01e6,781;2358,194417.500000000,36.56147029405,119.16238844720,100.8523,2.0031,-0.5149,0.0561,-178.232563473,3.313048320,110.709092470,INS_ALIGNMENT_COMPLETE*2e104003
$GPGGA,055959.50,3633.6883316,N,11909.7436588,E,4,49,0.8,99.456,M,1.451,M,1.500,3863*49
#INSPVAA,COM3,0,73.2,FINESTEERING,2358,194418.000,00000000,03da,781;2358,194418.000000000,36.56148094551,119.16239002040,100.8329,2.1427,-0.4770,0.0391,-178.502410377,3.706888957,108.843870748,INS_ALIGNMENT_COMPLETE*87bb0964
$GPGGA,060000.00,3633.6889471,N,11909.7437420,E,4,49,0.8,99.422,M,1.451,M,1.000,3863*47
#INSPVAA,COM3,0,73.2,FINESTEERING,2358,194418.500,00000000,01e6,781;2358,194418.500000000,36.56149086089,119.16239026769,100.8387,1.9989,-0.4089,0.0405,-177.160434565,2.850530882,107.199572586,INS_ALIGNMENT_COMPLETE*d4dc0579
$GPGGA,060000.50,3633.6895538,N,11909.7437793,E,4,49,0.8,99.466,M,1.451,M,1.500,3863*4D
#INSPVAA,COM3,0,75.3,FINESTEERING,2358,194419.000,00000000,03d9,781;2358,194419.000000000,36.56150215987,119.16239300176,100.8218,2.3927,-0.3379,0.0430,-176.854925139,2.795010881,105.262045580,INS_ALIGNMENT_COMPLETE*9302d209
$GPGGA,060001.00,3633.6901711,N,11909.7438259,E,4,49,0.8,99.434,M,1.451,M,1.000,3863*42
#INSPVAA,COM3,0,75.3,FINESTEERING,2358,194419.500,00000000,01e5,781;2358,194419.500000000,36.56151386844,119.16239314303,100.8518,2.5433,-0.3340,-0.1019,-178.411067216,2.886928031,105.748359360,INS_ALIGNMENT_COMPLETE*c1df81f6
$GPGGA,060001.50,3633.6907894,N,11909.7437640,E,4,49,0.8,99.471,M,1.451,M,1.500,3863*44
#INSPVAA,COM3,0,77.4,FINESTEERING,2358,194420.000,00000000,03d9,781;2358,194420.000000000,36.56152539807,119.16239516567,100.8095,2.3611,-0.2101,-0.0176,-177.922709762,3.597123928,105.471395200,INS_ALIGNMENT_COMPLETE*396e1a3c
$GPGGA,060002.00,3633.6914101,N,11909.7437983,E,4,49,0.8,99.352,M,1.451,M,1.000,3863*46
#INSPVAA,COM3,0,77.4,FINESTEERING,2358,194420.500,00000000,01e5,781;2358,194420.500000000,36.56153512017,119.16239467030,100.8227,2.3958,-0.2512,-0.0103,-177.704811371,3.213619146,105.261873493,INS_ALIGNMENT_COMPLETE*884edecc
$GPGGA,060002.50,3633.6920233,N,11909.7437938,E,4,49,0.8,99.369,M,1.451,M,1.500,3863*4B
#INSPVAA,COM3,0,76.0,FINESTEERING,2358,194421.000,00000000,03d9,781;2358,194421.000000000,36.56154346623,119.16239447853,100.8168,2.2283,-0.2069,0.1940,-176.759479655,3.203840140,105.253922669,INS_ALIGNMENT_COMPLETE*b93c94c7
$GPGGA,060003.00,3633.6926069,N,11909.7437991,E,4,49,0.8,99.369,M,1.451,M,1.000,3863*42
#INSPVAA,COM3,0,76.0,FINESTEERING,2358,194421.500,00000000,01e5,781;2358,194421.500000000,36.56155425089,119.16239386687,100.8662,2.5031,-0.2710,-0.1420,-177.651556521,2.846568076,106.003129068,INS_ALIGNMENT_COMPLETE*89802d19
$GPGGA,060003.50,3633.6932201,N,11909.7437416,E,4,49,0.8,99.415,M,1.451,M,1.500,3863*45
#INSPVAA,COM3,0,74.3,FINESTEERING,2358,194422.000,00000000,03d9,781;2358,194422.000000000,36.56156486369,119.16239398736,100.9172,2.3540,-0.1282,0.2330,-178.995190380,2.622163382,106.329676437,INS_ALIGNMENT_COMPLETE*02258cb4
$GPGGA,060004.00,3633.6938298,N,11909.7436957,E,4,49,0.8,99.448,M,1.451,M,1.000,3863*49
#INSPVAA,COM3,0,74.3,FINESTEERING,2358,194422.500,00000000,01e5,781;2358,194422.500000000,36.56157530985,119.16239302329,100.9096,2.2662,-0.2248,0.0004,-179.386354892,2.815535749,107.704709107,INS_ALIGNMENT_COMPLETE*ae58a086
$GPGGA,060004.50,3633.6944426,N,11909.7436244,E,4,49,0.8,99.435,M,1.451,M,1.500,3863*42
#INSPVAA,COM3,0,79.6,FINESTEERING,2358,194423.000,00000000,03d9,781;2358,194423.000000000,36.56158400665,119.16239202929,100.8843,2.2538,-0.3040,0.0162,-178.118861734,3.306839357,107.244111091,INS_ALIGNMENT_COMPLETE*c2475b3a
$GPGGA,060005.00,3633.6950382,N,11909.7436410,E,4,49,0.8,99.434,M,1.451,M,1.000,3863*49
#INSPVAA,COM3,0,79.6,FINESTEERING,2358,194423.500,00000000,01e5,781;2358,194423.500000000,36.56159449143,119.16239112604,100.8840,2.3619,-0.2936,-0.0025,-178.342453472,3.672657832,108.157460076,INS_ALIGNMENT_COMPLETE*d9f8a308
$GPGGA,060005.50,3633.6956410,N,11909.7435798,E,4,49,0.8,99.418,M,1.451,M,1.500,3863*4D
#INSPVAA,COM3,0,77.5,FINESTEERING,2358,194424.000,00000000,03d9,781;2358,194424.000000000,36.56160447391,119.16239071154,100.8826,2.1809,-0.3331,0.1419,-178.165358975,4.578077617,108.516012837,INS_ALIGNMENT_COMPLETE*6d17b291
$GPGGA,060006.00,3633.6962424,N,11909.7435731,E,4,49,0.8,99.380,M,1.451,M,1.000,3863*4B
#INSPVAA,COM3,0,77.5,FINESTEERING,2358,194424.500,00000000,01e5,781;2358,194424.500000000,36.56161440836,119.16238980280,100.9383,2.2894,-0.3173,0.0325,-178.890563705,4.399650408,108.716702842,INS_ALIGNMENT_COMPLETE*b191e7e9
$GPGGA,060006.50,3633.6968418,N,11909.7435356,E,4,49,0.8,99.447,M,1.451,M,0.500,3863*46
#INSPVAA,COM3,0,77.4,FINESTEERING,2358,194425.000,00000000,03d9,781;2358,194425.000000000,36.56162377284,119.16238958414,100.9107,2.0895,-0.2400,0.1116,-177.906523607,4.453113839,109.196571261,INS_ALIGNMENT_COMPLETE*7ad1d89f
$GPGGA,060007.00,3633.6974397,N,11909.7435227,E,4,49,0.7,99.437,M,1.451,M,1.000,3863*44
#INSPVAA,COM3,0,77.4,FINESTEERING,2358,194425.500,00000000,01e5,781;2358,194425.500000000,36.56163380612,119.16238928989,100.9662,2.3384,-0.1725,0.1541,-179.191044352,4.161457151,109.694570611,INS_ALIGNMENT_COMPLETE*10047470
$GPGGA,060007.50,3633.6980521,N,11909.7434837,E,4,49,0.7,99.509,M,1.451,M,0.500,3863*43
#INSPVAA,COM3,0,78.3,FINESTEERING,2358,194426.000,00000000,03d9,781;2358,194426.000000000,36.56164407467,119.16238991269,100.9609,2.0247,-0.1211,0.1204,-179.748184401,4.101970005,111.169741722,INS_ALIGNMENT_COMPLETE*fec542d3
$GPGGA,060008.00,3633.6986775,N,11909.7434316,E,4,49,0.7,99.498,M,1.451,M,1.000,3863*49
#INSPVAA,COM3,0,78.3,FINESTEERING,2358,194426.500,00000000,01e5,781;2358,194426.500000000,36.56165334396,119.16238940304,101.0176,2.0512,-0.1476,0.0769,-179.135636459,3.072445568,111.022725768,INS_ALIGNMENT_COMPLETE*3f814355
$GPGGA,060008.50,3633.6993008,N,11909.7434536,E,4,49,0.7,99.571,M,1.451,M,1.500,3863*42
<ERROR:Invalid Message ID
[COM3]
#INSPVAA,COM3,0,79.6,FINESTEERING,2358,194427.000,00000000,03d9,781;2358,194427.000000000,36.56166294384,119.16238898773,101.0131,2.0372,-0.1056,0.1649,-178.695083552,2.654675175,110.931133216,INS_ALIGNMENT_COMPLETE*510f75b2
$GPGGA,060009.00,3633.6999143,N,11909.7434556,E,4,49,0.7,99.592,M,1.451,M,1.000,3863*4C
#INSPVAA,COM3,0,79.6,FINESTEERING,2358,194427.500,00000000,01e5,781;2358,194427.500000000,36.56167319005,119.16238892352,101.0143,2.0514,-0.1617,-0.0705,-178.118472580,2.622086768,110.917951196,INS_ALIGNMENT_COMPLETE*0bb07b34
$GPGGA,060009.50,3633.7005349,N,11909.7434489,E,4,49,0.7,99.592,M,1.451,M,1.500,3863*4A
#INSPVAA,COM3,0,76.0,FINESTEERING,2358,194428.000,00000000,03d9,781;2358,194428.000000000,36.56168407454,119.16238965654,101.0524,2.1210,-0.1289,-0.1240,-178.372697327,2.262112769,109.553612040,INS_ALIGNMENT_COMPLETE*7b997575
$GPGGA,060010.00,3633.7011708,N,11909.7434875,E,4,49,0.8,99.614,M,1.451,M,1.000,3863*4B
#INSPVAA,COM3,0,76.0,FINESTEERING,2358,194428.500,00000000,01e5,781;2358,194428.500000000,36.56169466599,119.16238963682,101.0133,2.2186,-0.0652,0.0846,-178.347120643,2.868151780,108.860611410,INS_ALIGNMENT_COMPLETE*83227334
$GPGGA,060010.50,3633.7017826,N,11909.7434781,E,4,49,0.8,99.556,M,1.451,M,1.500,3863*4F
#INSPVAA,COM3,0,79.3,FINESTEERING,2358,194429.000,00000000,03d9,781;2358,194429.000000000,36.56170631969,119.16239024486,101.0107,2.2417,-0.0960,-0.0502,-178.560736406,3.094577698,108.201586334,INS_ALIGNMENT_COMPLETE*f47af950
$GPGGA,060011.00,3633.7024023,N,11909.7434477,E,4,49,0.8,99.524,M,1.451,M,1.000,3863*4C
#INSPVAA,COM3,0,79.3,FINESTEERING,2358,194429.500,00000000,01e5,781;2358,194429.500000000,36.56171662997,119.16239023640,101.0479,2.3177,-0.0846,-0.0254,-179.293089032,2.611422427,106.795485286,INS_ALIGNMENT_COMPLETE*cc2977b5
$GPGGA,060011.50,3633.7030225,N,11909.7434256,E,4,49,0.8,99.574,M,1.451,M,1.500,3863*4D
#INSPVAA,COM3,0,79.7,FINESTEERING,2358,194430.000,00000000,03d9,781;2358,194430.000000000,36.56172763967,119.16239038931,101.0478,2.4892,-0.0513,0.0757,179.946755377,2.650499966,106.701127957,INS_ALIGNMENT_COMPLETE*124bb288
$GPGGA,060012.00,3633.7036406,N,11909.7433576,E,4,49,0.8,99.577,M,1.451,M,1.000,3863*4E
#INSPVAA,COM3,0,79.7,FINESTEERING,2358,194430.500,00000000,01e5,781;2358,194430.500000000,36.56173881781,119.16238947504,101.0016,2.4607,-0.0676,-0.0209,179.324368020,3.558837292,108.202778441,INS_ALIGNMENT_COMPLETE*bcccc622
<ERROR:Invalid Message ID
[COM3]
$GPGGA,060012.50,3633.7042554,N,11909.7432579,E,4,49,0.8,99.541,M,1.451,M,1.500,3863*40
#INSPVAA,COM3,0,79.1,FINESTEERING,2358,194431.000,00000000,03d9,781;2358,194431.000000000,36.56174937581,119.16238841301,100.9765,2.2743,-0.0445,-0.1108,178.713796402,3.776184430,108.995849638,INS_ALIGNMENT_COMPLETE*af2431f5
$GPGGA,060013.00,3633.7048765,N,11909.7431799,E,4,48,0.8,99.512,M,1.451,M,1.000,3863*43
#INSPVAA,COM3,0,79.1,FINESTEERING,2358,194431.500,00000000,01e5,781;2358,194431.500000000,36.56175889938,119.16238730163,101.0025,2.2472,-0.0182,0.0673,179.215380569,3.184545192,109.743787200,INS_ALIGNMENT_COMPLETE*792cee85
$GPGGA,060013.50,3633.7054943,N,11909.7431457,E,4,48,0.8,99.534,M,1.451,M,1.500,3863*41
#INSPVAA,COM3,0,77.5,FINESTEERING,2358,194432.000,00000000,03d9,781;2358,194432.000000000,36.56176785359,119.16238525439,101.0157,2.2386,-0.0804,0.0298,179.571130957,3.059449942,110.536340893,INS_ALIGNMENT_COMPLETE*eca2f158
$GPGGA,060014.00,3633.7060925,N,11909.7430880,E,4,49,0.8,99.556,M,1.451,M,1.000,3863*43
#INSPVAA,COM3,0,77.5,FINESTEERING,2358,194432.500,00000000,01e5,781;2358,194432.500000000,36.56177823850,119.16238460082,101.0194,2.1992,-0.0975,-0.0146,179.355194604,3.177227311,111.890045392,INS_ALIGNMENT_COMPLETE*8606c659
$GPGGA,060014.50,3633.7067106,N,11909.7430385,E,4,49,0.8,99.547,M,1.451,M,0.500,3863*42
#INSPVAA,COM3,0,79.7,FINESTEERING,2358,194433.000,00000000,03d9,781;2358,194433.000000000,36.56178827741,119.16238391756,101.0217,2.1802,-0.0993,-0.0069,179.436459041,2.885858964,112.628196543,INS_ALIGNMENT_COMPLETE*af68e6f7
$GPGGA,060015.00,3633.7073285,N,11909.7430353,E,4,51,0.8,99.548,M,1.451,M,1.000,3863*42
#INSPVAA,COM3,0,79.7,FINESTEERING,2358,194433.500,00000000,01e5,781;2358,194433.500000000,36.56179815883,119.16238348085,101.0339,2.1704,-0.0911,-0.0111,179.442263243,2.807468378,113.574052459,INS_ALIGNMENT_COMPLETE*1e5952ab
$GPGGA,060015.50,3633.7079461,N,11909.7430285,E,4,51,0.8,99.554,M,1.451,M,1.500,3863*43
#INSPVAA,COM3,0,77.8,FINESTEERING,2358,194434.000,00000000,03d9,781;2358,194434.000000000,36.56180835693,119.16238299144,101.0162,2.2341,-0.1027,-0.1106,179.135857219,3.312816219,115.320549205,INS_ALIGNMENT_COMPLETE*83aa4e05
$GPGGA,060016.00,3633.7085542,N,11909.7430122,E,4,51,0.8,99.552,M,1.451,M,1.000,3863*4B
#INSPVAA,COM3,0,77.8,FINESTEERING,2358,194434.500,00000000,01e5,781;2358,194434.500000000,36.56181845968,119.16238277265,100.9973,2.0988,-0.0667,-0.0301,178.769715712,3.821682968,116.661722264,INS_ALIGNMENT_COMPLETE*ea109403
$GPGGA,060016.50,3633.7091643,N,11909.7430181,E,4,51,0.8,99.530,M,1.451,M,0.500,3863*40
#INSPVAA,COM3,0,78.8,FINESTEERING,2358,194435.000,00000000,03d9,781;2358,194435.000000000,36.56182859174,119.16238288770,100.9982,2.0130,-0.0505,0.0778,178.736549160,3.813432974,117.444234516,INS_ALIGNMENT_COMPLETE*b7cd40b7
$GPGGA,060017.00,3633.7097785,N,11909.7430510,E,4,51,0.7,99.526,M,1.451,M,1.000,3863*49
#INSPVAA,COM3,0,78.8,FINESTEERING,2358,194435.500,00000000,01e5,781;2358,194435.500000000,36.56183791537,119.16238310194,101.0020,1.9952,0.0365,0.0403,179.764419577,3.357528155,117.199271103,INS_ALIGNMENT_COMPLETE*b2d19ca4
$GPGGA,060017.50,3633.7103669,N,11909.7431076,E,4,51,0.7,99.539,M,1.451,M,1.500,3863*4C
#INSPVAA,COM3,0,77.5,FINESTEERING,2358,194436.000,00000000,03d9,781;2358,194436.000000000,36.56184797311,119.16238464841,101.0028,2.0456,0.1836,0.0081,179.897042923,2.998763635,116.718495740,INS_ALIGNMENT_COMPLETE*1b835df1
$GPGGA,060018.00,3633.7110179,N,11909.7431713,E,4,51,0.8,99.559,M,1.451,M,1.000,3863*4A
#INSPVAA,COM3,0,77.5,FINESTEERING,2358,194436.500,00000000,01e5,781;2358,194436.500000000,36.56185792912,119.16238641141,100.9910,2.0595,0.2255,0.1616,-179.185418656,2.960157369,115.703361860,INS_ALIGNMENT_COMPLETE*e3e831ae
$GPGGA,060018.50,3633.7116715,N,11909.7432591,E,4,51,0.8,99.559,M,1.451,M,1.500,3863*4B
<ERROR:Invalid Message ID
[COM3]
#INSPVAA,COM3,0,71.9,FINESTEERING,2358,194437.000,00000000,03d9,781;2358,194437.000000000,36.56186991892,119.16238955723,100.9663,2.3519,0.2462,-0.1774,-179.256089582,3.839751463,114.895957274,INS_ALIGNMENT_COMPLETE*96b73781
$GPGGA,060019.00,3633.7123671,N,11909.7433438,E,4,51,0.8,99.524,M,1.451,M,1.000,3863*46
#INSPVAA,COM3,0,71.9,FINESTEERING,2358,194437.500,00000000,01e5,781;2358,194437.500000000,36.56188157214,119.16239131263,101.0171,2.2371,0.3176,-0.0613,-179.815099272,3.355603810,114.721149916,INS_ALIGNMENT_COMPLETE*61750b76
$GPGGA,060019.50,3633.7130394,N,11909.7433563,E,4,51,0.8,99.574,M,1.451,M,1.500,3863*40
#INSPVAA,COM3,0,77.0,FINESTEERING,2358,194438.000,00000000,03d9,781;2358,194438.000000000,36.56189364379,119.16239265344,101.0202,2.3821,0.3469,0.1088,-178.985127555,3.373360965,113.122519325,INS_ALIGNMENT_COMPLETE*934b22e1
$GPGGA,060020.00,3633.7136998,N,11909.7434300,E,4,51,0.8,99.552,M,1.451,M,1.000,3863*4A
#INSPVAA,COM3,0,77.0,FINESTEERING,2358,194438.500,00000000,01e5,781;2358,194438.500000000,36.56190526743,119.16239339044,101.0320,2.3932,0.2509,-0.2369,-178.519825668,3.014572200,112.734342491,INS_ALIGNMENT_COMPLETE*f1d7ae2e
$GPGGA,060020.50,3633.7143657,N,11909.7434462,E,4,51,0.8,99.572,M,1.451,M,1.500,3863*45
#INSPVAA,COM3,0,80.6,FINESTEERING,2358,194439.000,00000000,03d9,781;2358,194439.000000000,36.56191732668,119.16239335906,101.0516,2.6120,0.2483,0.1215,-179.251888759,2.878310849,111.398823161,INS_ALIGNMENT_COMPLETE*3e9dbf56
$GPGGA,060021.00,3633.7150357,N,11909.7434619,E,4,51,0.8,99.585,M,1.451,M,1.000,3863*45
#INSPVAA,COM3,0,80.6,FINESTEERING,2358,194439.500,00000000,01e5,781;2358,194439.500000000,36.56192893984,119.16239367191,101.0310,2.6289,0.2440,0.1768,-178.921164003,3.250926604,111.180747477,INS_ALIGNMENT_COMPLETE*bf290e89
$GPGGA,060021.50,3633.7156904,N,11909.7434645,E,4,51,0.8,99.567,M,1.451,M,1.500,3863*4A
#INSPVAA,COM3,0,77.3,FINESTEERING,2358,194440.000,00000000,03d9,781;2358,194440.000000000,36.56194099065,119.16239324714,101.0495,2.6398,0.1609,-0.0916,-179.312869749,3.260347028,110.771539331,INS_ALIGNMENT_COMPLETE*8d921f1f
$GPGGA,060022.00,3633.7163516,N,11909.7434387,E,4,51,0.8,99.585,M,1.451,M,1.000,3863*47
#INSPVAA,COM3,0,77.3,FINESTEERING,2358,194440.500,00000000,01e5,781;2358,194440.500000000,36.56195217353,119.16239324706,101.0850,2.5894,0.2164,-0.0009,-179.355378499,2.964328986,109.706937841,INS_ALIGNMENT_COMPLETE*b4731291
$GPGGA,060022.50,3633.7170161,N,11909.7434355,E,4,51,0.8,99.616,M,1.451,M,1.500,3863*47
<ERROR:Invalid Message ID
[COM3]
#INSPVAA,COM3,0,79.7,FINESTEERING,2358,194441.000,00000000,03d9,781;2358,194441.000000000,36.56196277051,119.16239231237,101.0762,2.7637,0.1586,0.2046,-179.246772090,3.355008754,108.036824408,INS_ALIGNMENT_COMPLETE*f525ad4f
$GPGGA,060023.00,3633.7176687,N,11909.7434316,E,4,51,0.8,99.607,M,1.451,M,1.000,3863*48
#INSPVAA,COM3,0,79.7,FINESTEERING,2358,194441.500,00000000,01e5,781;2358,194441.500000000,36.56197471044,119.16239211880,101.0676,2.7265,0.0620,0.0324,-179.545310876,3.863583384,108.108520224,INS_ALIGNMENT_COMPLETE*f86e1cfb
$GPGGA,060023.50,3633.7183390,N,11909.7433771,E,4,51,0.8,99.591,M,1.451,M,1.500,3863*4F
#INSPVAA,COM3,0,78.1,FINESTEERING,2358,194442.000,00000000,03d9,781;2358,194442.000000000,36.56198560380,119.16239147073,101.0930,2.6105,0.1007,-0.0138,-179.628205869,3.229711069,107.261583931,INS_ALIGNMENT_COMPLETE*eec6de08
$GPGGA,060024.00,3633.7189986,N,11909.7433314,E,4,51,0.7,99.614,M,1.451,M,1.000,3863*49
#INSPVAA,COM3,0,78.1,FINESTEERING,2358,194442.500,00000000,01e5,781;2358,194442.500000000,36.56199667100,119.16239048038,101.0886,2.8083,0.0364,0.1194,-179.615305242,3.612349874,107.154532467,INS_ALIGNMENT_COMPLETE*a228be2f
$GPGGA,060024.50,3633.7196572,N,11909.7432709,E,4,51,0.7,99.607,M,1.451,M,0.500,3863*4A
#INSPVAA,COM3,0,79.3,FINESTEERING,2358,194443.000,00000000,03da,781;2358,194443.000000000,36.56200763599,119.16238843511,101.1115,2.7122,-0.0443,-0.0741,179.113069173,3.775485695,108.473766188,INS_ALIGNMENT_COMPLETE*b12b8a3e
$GPGGA,060025.00,3633.7203033,N,11909.7431266,E,4,51,0.8,99.638,M,1.451,M,1.000,3863*49
#INSPVAA,COM3,0,79.3,FINESTEERING,2358,194443.500,00000000,01e6,781;2358,194443.500000000,36.56201795577,119.16238677913,101.0936,2.4711,-0.0266,0.2010,179.354863922,3.961849897,109.915375633,INS_ALIGNMENT_COMPLETE*590b95ac
$GPGGA,060025.50,3633.7209586,N,11909.7430708,E,4,51,0.8,99.618,M,1.451,M,1.500,3863*46
#INSPVAA,COM3,0,78.1,FINESTEERING,2358,194444.000,00000000,03da,781;2358,194444.000000000,36.56202742642,119.16238405740,101.0931,2.4986,-0.1696,-0.0262,178.352409187,4.431147908,111.197291604,INS_ALIGNMENT_COMPLETE*acccfaf9
$GPGGA,060026.00,3633.7216121,N,11909.7429910,E,4,52,0.7,99.651,M,1.451,M,1.000,3863*4C
#INSPVAA,COM3,0,78.1,FINESTEERING,2358,194444.500,00000000,01e6,781;2358,194444.500000000,36.56203761276,119.16238276093,101.1359,2.0756,-0.1694,0.0153,178.665015274,3.951694955,112.767537305,INS_ALIGNMENT_COMPLETE*47c47111
$GPGGA,060026.50,3633.7222707,N,11909.7429676,E,4,52,0.7,99.696,M,1.451,M,1.500,3863*4D
#INSPVAA,COM3,0,76.9,FINESTEERING,2358,194445.000,00000000,03d9,781;2358,194445.000000000,36.56204686494,119.16238078167,101.1094,2.2959,-0.2541,0.0547,178.844670274,4.607238975,112.842170273,INS_ALIGNMENT_COMPLETE*1b88143e
$GPGGA,060027.00,3633.7228943,N,11909.7429693,E,4,52,0.8,99.681,M,1.450,M,1.000,3863*4B
#INSPVAA,COM3,0,76.9,FINESTEERING,2358,194445.500,00000000,01e5,781;2358,194445.500000000,36.56205727614,119.16238043869,101.1371,2.0966,-0.1927,0.1624,178.909174723,3.896498393,113.468987927,INS_ALIGNMENT_COMPLETE*320924b2
$GPGGA,060027.50,3633.7235484,N,11909.7429775,E,4,52,0.8,99.718,M,1.450,M,1.500,3863*49
#INSPVAA,COM3,0,77.9,FINESTEERING,2358,194446.000,00000000,03d9,781;2358,194446.000000000,36.56206813967,119.16238084268,101.1389,2.2489,-0.2329,-0.0609,178.647274256,4.154202510,113.602816504,INS_ALIGNMENT_COMPLETE*b5e05d1e
$GPGGA,060028.00,3633.7242110,N,11909.7430134,E,4,52,0.8,99.702,M,1.450,M,1.000,3863*4E
#INSPVAA,COM3,0,77.9,FINESTEERING,2358,194446.500,00000000,01e5,781;2358,194446.500000000,36.56207877751,119.16238104197,101.1784,2.1526,-0.1300,-0.0415,178.062362677,3.472796640,113.572543109,INS_ALIGNMENT_COMPLETE*932b0345
$GPGGA,060028.50,3633.7248710,N,11909.7430365,E,4,52,0.8,99.744,M,1.450,M,1.500,3863*46
<ERROR:Invalid Message ID
[COM3]
#INSPVAA,COM3,0,78.0,FINESTEERING,2358,194447.000,00000000,03d9,781;2358,194447.000000000,36.56208980153,119.16238194188,101.1230,2.0737,-0.1397,0.1798,179.519193586,4.363857528,112.540953469,INS_ALIGNMENT_COMPLETE*5aaa6da1
$GPGGA,060029.00,3633.7255050,N,11909.7430926,E,4,52,0.8,99.681,M,1.450,M,1.000,3863*4D
#INSPVAA,COM3,0,78.0,FINESTEERING,2358,194447.500,00000000,01e5,781;2358,194447.500000000,36.56210047128,119.16238289859,101.1776,2.3440,-0.1192,-0.3513,179.065512411,3.348102796,111.269450136,INS_ALIGNMENT_COMPLETE*66302065
$GPGGA,060029.50,3633.7261709,N,11909.7431392,E,4,52,0.8,99.736,M,1.450,M,1.500,3863*48
#INSPVAA,COM3,0,75.4,FINESTEERING,2358,194448.000,00000000,03d9,781;2358,194448.000000000,36.56211302052,119.16238499369,101.1637,2.3754,0.0194,0.2613,178.611717938,4.103338106,110.934552833,INS_ALIGNMENT_COMPLETE*10e8d574
$GPGGA,060030.00,3633.7268402,N,11909.7431642,E,4,52,0.8,99.698,M,1.450,M,1.000,3863*4C
#INSPVAA,COM3,0,75.4,FINESTEERING,2358,194448.500,00000000,01e5,781;2358,194448.500000000,36.56212409042,119.16238558474,101.1555,2.4004,0.0102,-0.0768,179.140317944,3.533980712,110.199602927,INS_ALIGNMENT_COMPLETE*e1f89713
$GPGGA,060030.50,3633.7274989,N,11909.7431906,E,4,52,0.8,99.689,M,1.450,M,1.500,3863*40
#INSPVAA,COM3,0,77.0,FINESTEERING,2358,194449.000,00000000,03d9,781;2358,194449.000000000,36.56213610119,119.16238665302,101.1569,2.5209,0.0732,0.1258,179.018243159,3.629020609,109.731421840,INS_ALIGNMENT_COMPLETE*df29e11d
$GPGGA,060031.00,3633.7281562,N,11909.7431909,E,4,52,0.8,99.683,M,1.450,M,1.000,3863*47
#INSPVAA,COM3,0,77.0,FINESTEERING,2358,194449.500,00000000,01e5,781;2358,194449.500000000,36.56214757074,119.16238698960,101.1742,2.5015,0.0493,-0.1373,178.868128356,3.344233176,109.567180393,INS_ALIGNMENT_COMPLETE*9858c711
$GPGGA,060031.50,3633.7288172,N,11909.7431632,E,4,52,0.8,99.699,M,1.450,M,1.500,3863*47
#INSPVAA,COM3,0,79.0,FINESTEERING,2358,194450.000,00000000,03d9,781;2358,194450.000000000,36.56215867368,119.16238711153,101.1676,2.6388,0.1037,0.1721,179.017020248,3.649130155,109.157700083,INS_ALIGNMENT_COMPLETE*8a9358cb
$GPGGA,060032.00,3633.7294633,N,11909.7431518,E,4,52,0.8,99.703,M,1.450,M,1.000,3863*42
#INSPVAA,COM3,0,79.0,FINESTEERING,2358,194450.500,00000000,01e5,781;2358,194450.500000000,36.56217019654,119.16238721544,101.1783,2.6210,-0.0151,-0.0964,178.132437873,3.423884611,109.702990495,INS_ALIGNMENT_COMPLETE*4532d1ca
$GPGGA,060032.50,3633.7301334,N,11909.7430928,E,4,52,0.8,99.710,M,1.450,M,1.500,3863*41
#INSPVAA,COM3,0,77.5,FINESTEERING,2358,194451.000,00000000,03d9,781;2358,194451.000000000,36.56218070194,119.16238639402,101.1456,2.3581,0.0649,0.2065,178.876571784,3.746461370,109.076156237,INS_ALIGNMENT_COMPLETE*0321ce9e
$GPGGA,060033.00,3633.7307671,N,11909.7430766,E,4,52,0.8,99.691,M,1.450,M,1.000,3863*4E
#INSPVAA,COM3,0,77.5,FINESTEERING,2358,194451.500,00000000,01e5,781;2358,194451.500000000,36.56219145850,119.16238582447,101.0605,2.3692,-0.0455,-0.3074,-179.914549917,4.786482275,108.913350472,INS_ALIGNMENT_COMPLETE*95a68aa3
$GPGGA,060033.50,3633.7314111,N,11909.7430520,E,4,52,0.8,99.604,M,1.450,M,1.500,3863*41
#INSPVAA,COM3,0,77.9,FINESTEERING,2358,194452.000,00000000,03d9,781;2358,194452.000000000,36.56220171148,119.16238459664,101.1254,2.6342,0.0350,0.1843,179.783473790,4.397497669,108.192330098,INS_ALIGNMENT_COMPLETE*b2d54235
$GPGGA,060034.00,3633.7320477,N,11909.7430255,E,4,52,0.8,99.686,M,1.450,M,1.000,3863*4B
#INSPVAA,COM3,0,77.9,FINESTEERING,2358,194452.500,00000000,01e5,781;2358,194452.500000000,36.56221272126,119.16238400687,101.1136,2.4024,0.0653,0.2066,-179.920155244,4.703183870,108.718707497,INS_ALIGNMENT_COMPLETE*07641292
$GPGGA,060034.50,3633.7326877,N,11909.7429650,E,4,52,0.8,99.668,M,1.450,M,1.500,3863*48
#INSPVAA,COM3,0,79.0,FINESTEERING,2358,194453.000,00000000,03d9,781;2358,194453.000000000,36.56222282738,119.16238336321,101.1554,2.4556,0.0355,0.1227,-179.334073344,4.225791590,108.052286762,INS_ALIGNMENT_COMPLETE*54359aa2
$GPGGA,060035.00,3633.7333399,N,11909.7429399,E,4,52,0.7,99.717,M,1.450,M,1.000,3863*40
#INSPVAA,COM3,0,79.0,FINESTEERING,2358,194453.500,00000000,01e5,781;2358,194453.500000000,36.56223367296,119.16238299106,101.2113,2.4230,-0.0528,-0.1478,-179.174857234,3.617941802,108.304256950,INS_ALIGNMENT_COMPLETE*cb3ea045
$GPGGA,060035.50,3633.7339975,N,11909.7428883,E,4,52,0.7,99.776,M,1.450,M,1.500,3863*44
#INSPVAA,COM3,0,78.9,FINESTEERING,2358,194454.000,00000000,03d9,781;2358,194454.000000000,36.56224437757,119.16238232102,101.2765,2.4330,0.1071,0.1776,-179.982891118,2.733722014,108.273317651,INS_ALIGNMENT_COMPLETE*a0bb4b18
$GPGGA,060036.00,3633.7346516,N,11909.7428255,E,4,52,0.7,99.851,M,1.450,M,1.000,3863*4D
#INSPVAA,COM3,0,78.9,FINESTEERING,2358,194454.500,00000000,01e5,781;2358,194454.500000000,36.56225543330,119.16238131413,101.1816,2.3341,-0.1428,0.1288,-179.513868949,4.390233247,108.352490227,INS_ALIGNMENT_COMPLETE*46b722fd
$GPGGA,060036.50,3633.7352977,N,11909.7427538,E,4,51,0.7,99.746,M,1.450,M,1.500,3863*4A
#INSPVAA,COM3,0,79.0,FINESTEERING,2358,194455.000,00000000,03d9,781;2358,194455.000000000,36.56226554381,119.16238004677,101.2625,2.4355,-0.1116,-0.3352,-178.959844642,2.820344126,107.157806028,INS_ALIGNMENT_COMPLETE*e7a733d1
$GPGGA,060037.00,3633.7359635,N,11909.7427455,E,4,51,0.7,99.846,M,1.450,M,1.000,3863*4C
#INSPVAA,COM3,0,79.0,FINESTEERING,2358,194455.500,00000000,01e5,781;2358,194455.500000000,36.56227718916,119.16237918286,101.2559,2.6068,-0.0666,0.1821,179.905931892,3.694817412,107.377163474,INS_ALIGNMENT_COMPLETE*42f15323
$GPGGA,060037.50,3633.7366077,N,11909.7426399,E,4,51,0.7,99.817,M,1.450,M,1.500,3863*42
<ERROR:Invalid Message ID
[COM3]
#INSPVAA,COM3,0,77.3,FINESTEERING,2358,194456.000,00000000,03d9,781;2358,194456.000000000,36.56228810550,119.16237811838,101.2953,2.1851,-0.0962,-0.0286,-178.381585923,2.794571979,106.978097732,INS_ALIGNMENT_COMPLETE*1822f0a5
$GPGGA,060038.00,3633.7372624,N,11909.7425934,E,4,51,0.7,99.856,M,1.450,M,1.000,3863*43
#INSPVAA,COM3,0,77.3,FINESTEERING,2358,194456.500,00000000,01e5,781;2358,194456.500000000,36.56229867449,119.16237701833,101.2673,2.6132,-0.1581,-0.1076,-178.169253029,3.171623776,105.576556952,INS_ALIGNMENT_COMPLETE*dce63c16
$GPGGA,060038.50,3633.7379126,N,11909.7425385,E,4,51,0.7,99.836,M,1.450,M,1.500,3863*4B
<ERROR:Invalid Message ID
[COM3]
#INSPVAA,COM3,0,79.1,FINESTEERING,2358,194457.000,00000000,03d9,781;2358,194457.000000000,36.56231029955,119.16237526190,101.2650,2.5518,-0.1666,-0.0928,-178.933020366,3.738110881,106.281060037,INS_ALIGNMENT_COMPLETE*88c1fb07
$GPGGA,060039.00,3633.7385676,N,11909.7423892,E,4,52,0.8,99.858,M,1.450,M,1.000,3863*44
#INSPVAA,COM3,0,79.1,FINESTEERING,2358,194457.500,00000000,01e5,781;2358,194457.500000000,36.56232074395,119.16237372762,101.2688,2.3701,-0.1771,0.0152,-178.700471259,3.692885784,105.211884965,INS_ALIGNMENT_COMPLETE*df2cf1d8
$GPGGA,060039.50,3633.7392129,N,11909.7423124,E,4,52,0.8,99.867,M,1.450,M,1.500,3863*47
#INSPVAA,COM3,0,75.3,FINESTEERING,2358,194458.000,00000000,03d9,781;2358,194458.000000000,36.56233113580,119.16237112742,101.2743,2.5064,-0.2071,-0.0014,-178.549337797,4.132813778,104.521089300,INS_ALIGNMENT_COMPLETE*a4f34be9
$GPGGA,060040.00,3633.7398337,N,11909.7421910,E,4,53,0.8,99.852,M,1.450,M,1.000,3863*44
#INSPVAA,COM3,0,75.3,FINESTEERING,2358,194458.500,00000000,01e5,781;2358,194458.500000000,36.56234224340,119.16236919067,101.2597,2.4734,-0.2633,-0.0960,-178.536854279,4.998994657,104.750783754,INS_ALIGNMENT_COMPLETE*44a5e6d9
$GPGGA,060040.50,3633.7404645,N,11909.7420481,E,4,53,0.8,99.834,M,1.450,M,1.500,3863*42
#INSPVAA,COM3,0,76.7,FINESTEERING,2358,194459.000,00000000,03d9,781;2358,194459.000000000,36.56235278960,119.16236664607,101.3132,2.4893,-0.1697,0.2939,-179.090592286,4.848451019,104.214700766,INS_ALIGNMENT_COMPLETE*f6961a54
$GPGGA,060041.00,3633.7410966,N,11909.7419133,E,4,53,0.8,99.878,M,1.450,M,1.000,3863*46
#INSPVAA,COM3,0,76.7,FINESTEERING,2358,194459.500,00000000,01e5,781;2358,194459.500000000,36.56236289528,119.16236456261,101.3350,2.1036,-0.3292,-0.0574,-178.006380009,4.724279780,103.064787001,INS_ALIGNMENT_COMPLETE*d2e2bd76
$GPGGA,060041.50,3633.7417386,N,11909.7418006,E,4,53,0.8,99.901,M,1.450,M,1.500,3863*4C
#INSPVAA,COM3,0,77.0,FINESTEERING,2358,194460.000,00000000,03d9,781;2358,194460.000000000,36.56237240800,119.16236190649,101.4526,2.5588,-0.3937,-0.0522,-177.418272449,3.200627392,102.078116699,INS_ALIGNMENT_COMPLETE*c89bfb31
$GPGGA,060042.00,3633.7423767,N,11909.7416826,E,4,53,0.8,100.041,M,1.450,M,1.000,3863*7B
#INSPVAA,COM3,0,77.0,FINESTEERING,2358,194460.500,00000000,01e5,781;2358,194460.500000000,36.56238407527,119.16235941542,101.3652,2.6070,-0.4001,0.1658,-178.549435157,5.556799388,103.302459263,INS_ALIGNMENT_COMPLETE*9f27c3e2
$GPGGA,060042.50,3633.7429900,N,11909.7414767,E,4,53,0.8,99.930,M,1.450,M,1.500,3863*48
#INSPVAA,COM3,0,76.5,FINESTEERING,2358,194461.000,00000000,03d9,781;2358,194461.000000000,36.56239606189,119.16235697791,101.4482,2.1374,-0.3789,-0.2130,-178.678967283,5.014844740,105.813735376,INS_ALIGNMENT_COMPLETE*e77775c8
$GPGGA,060043.00,3633.7436276,N,11909.7412734,E,4,53,0.7,99.984,M,1.450,M,1.000,3863*4D
#INSPVAA,COM3,0,76.5,FINESTEERING,2358,194461.500,00000000,01e5,781;2358,194461.500000000,36.56240481945,119.16235462632,101.5100,2.2896,-0.2619,0.2314,-177.461592501,3.631790127,105.324265373,INS_ALIGNMENT_COMPLETE*9d544192
$GPGGA,060043.50,3633.7442691,N,11909.7411883,E,4,53,0.7,100.066,M,1.450,M,1.500,3863*77
#INSPVAA,COM3,0,75.1,FINESTEERING,2358,194462.000,00000000,03d9,781;2358,194462.000000000,36.56241341569,119.16235116318,101.5373,2.2423,-0.3375,0.2360,-177.014175026,3.298007848,106.747757599,INS_ALIGNMENT_COMPLETE*7473208d
$GPGGA,060044.00,3633.7448827,N,11909.7410121,E,4,53,0.7,100.158,M,1.450,M,1.000,3863*75
#INSPVAA,COM3,0,75.1,FINESTEERING,2358,194462.500,00000000,01e5,781;2358,194462.500000000,36.56242415355,119.16234906861,101.5668,2.3794,-0.3984,-0.2668,-178.658367415,3.701343892,108.226440734,INS_ALIGNMENT_COMPLETE*8464a811
$GPGGA,060044.50,3633.7455260,N,11909.7408568,E,4,53,0.7,100.183,M,1.450,M,1.500,3863*76
#INSPVAA,COM3,0,77.6,FINESTEERING,2358,194463.000,00000000,03d9,781;2358,194463.000000000,36.56243605591,119.16234664905,101.5901,2.2191,-0.3240,-0.0665,179.421095245,4.486260274,111.479578651,INS_ALIGNMENT_COMPLETE*bec56606
$GPGGA,060045.00,3633.7461731,N,11909.7406545,E,4,53,0.7,100.163,M,1.450,M,2.000,3863*7D
#INSPVAA,COM3,0,77.6,FINESTEERING,2358,194463.500,00000000,01e5,781;2358,194463.500000000,36.56244506157,119.16234404993,101.6006,1.8932,-0.3608,-0.0559,-179.663619602,3.989697667,113.479569437,INS_ALIGNMENT_COMPLETE*a67bce52
$GPGGA,060045.50,3633.7468120,N,11909.7405800,E,4,53,0.7,100.171,M,1.450,M,2.500,3863*7E
#INSPVAA,COM3,0,76.2,FINESTEERING,2358,194464.000,00000000,03d9,781;2358,194464.000000000,36.56245356516,119.16234053301,101.5967,1.8851,-0.4051,-0.1245,-178.841814828,3.644711529,115.001473528,INS_ALIGNMENT_COMPLETE*5fd86ef5
$GPGGA,060046.00,3633.7474496,N,11909.7405301,E,4,53,0.7,100.180,M,1.450,M,1.000,3863*7F
#INSPVAA,COM3,0,76.2,FINESTEERING,2358,194464.500,00000000,01e5,781;2358,194464.500000000,36.56246206003,119.16233841171,101.5924,1.8547,-0.3802,-0.0950,-178.522975278,3.456659327,117.395488457,INS_ALIGNMENT_COMPLETE*a8612b31
$GPGGA,060046.50,3633.7480820,N,11909.7404762,E,4,53,0.7,100.182,M,1.450,M,1.500,3863*77
#INSPVAA,COM3,0,75.1,FINESTEERING,2358,194465.000,00000000,03d9,781;2358,194465.000000000,36.56247000933,119.16233637571,101.6073,1.7441,-0.3555,-0.0312,-178.612224184,2.751673018,119.865025840,INS_ALIGNMENT_COMPLETE*ff9ce6a4
$GPGGA,060047.00,3633.7485664,N,11909.7403471,E,1,46,0.4,100.197,M,1.450,M,1.000,3863*7D
#INSPVAA,COM3,0,75.1,FINESTEERING,2358,194465.500,00000000,01e5,781;2358,194465.500000000,36.56248139872,119.16233601454,101.6104,1.7265,-0.3024,0.0478,-179.244022404,2.848594664,123.145245958,INS_ALIGNMENT_COMPLETE*a08f41b9
$GPGGA,060047.50,3633.7493943,N,11909.7404363,E,5,53,0.7,100.219,M,1.450,M,1.500,3863*75
#INSPVAA,COM3,0,73.4,FINESTEERING,2358,194466.000,00000000,03d9,781;2358,194466.000000000,36.56249538196,119.16233753325,101.6368,1.5299,-0.3180,-0.1169,-179.180742962,2.862746496,125.099525367,INS_ALIGNMENT_COMPLETE*18e94abe
$GPGGA,060048.00,3633.7500527,N,11909.7404783,E,4,53,0.7,100.256,M,1.450,M,1.000,3863*7F
#INSPVAA,COM3,0,73.4,FINESTEERING,2358,194466.500,00000000,01e5,781;2358,194466.500000000,36.56250423955,119.16233729507,101.6306,1.5693,-0.2542,-0.0495,-178.344033036,2.797946974,124.791827128,INS_ALIGNMENT_COMPLETE*9c2c162c
$GPGGA,060048.50,3633.7506796,N,11909.7406185,E,4,53,0.7,100.262,M,1.450,M,1.500,3863*74
<ERROR:Invalid Message ID
[COM3]
#INSPVAA,COM3,0,74.0,FINESTEERING,2358,194467.000,00000000,03d9,781;2358,194467.000000000,36.56251661368,119.16233930997,101.6448,1.9225,-0.1228,-0.0538,-178.836599667,3.593298574,124.992920345,INS_ALIGNMENT_COMPLETE*c1292487
$GPGGA,060049.00,3633.7513577,N,11909.7407272,E,4,53,0.8,100.253,M,1.450,M,1.000,3863*7B
#INSPVAA,COM3,0,74.0,FINESTEERING,2358,194467.500,00000000,01e5,781;2358,194467.500000000,36.56252518809,119.16233866651,101.6425,1.8449,-0.1423,-0.0411,-179.634570384,4.125245686,125.872645321,INS_ALIGNMENT_COMPLETE*098e64c7
$GPGGA,060049.50,3633.7520024,N,11909.7408119,E,4,53,0.8,100.262,M,1.450,M,1.500,3863*7B
#INSPVAA,COM3,0,75.1,FINESTEERING,2358,194468.000,00000000,03d9,781;2358,194468.000000000,36.56253352219,119.16233790108,101.6138,1.8315,-0.0993,0.1383,179.926466419,4.848851924,126.322056692,INS_ALIGNMENT_COMPLETE*be4b99dd
$GPGGA,060050.00,3633.7526562,N,11909.7409495,E,4,53,0.7,100.231,M,1.450,M,1.000,3863*7B
#INSPVAA,COM3,0,75.1,FINESTEERING,2358,194468.500,00000000,01e5,781;2358,194468.500000000,36.56254641082,119.16234239430,101.6448,1.9036,0.0340,0.0907,-179.765900404,4.448309047,125.066032035,INS_ALIGNMENT_COMPLETE*29ab1936
$GPGGA,060050.50,3633.7532995,N,11909.7411022,E,4,53,0.7,100.261,M,1.450,M,1.500,3863*7E
#INSPVAA,COM3,0,73.6,FINESTEERING,2358,194469.000,00000000,03da,781;2358,194469.000000000,36.56256453427,119.16235246855,101.7527,2.2842,0.3693,-0.0834,-178.942897344,3.071346634,122.190241340,INS_ALIGNMENT_COMPLETE*779a9693
$GPGGA,060051.00,3633.7539924,N,11909.7413048,E,4,53,0.7,100.343,M,1.450,M,1.000,3863*71
#INSPVAA,COM3,0,73.6,FINESTEERING,2358,194469.500,00000000,01e6,781;2358,194469.500000000,36.56257585889,119.16235606143,101.7871,2.4084,0.5415,0.0785,-177.440222406,2.189948323,120.345910516,INS_ALIGNMENT_COMPLETE*38251954
$GPGGA,060051.50,3633.7546558,N,11909.7414753,E,4,53,0.7,100.383,M,1.450,M,1.500,3863*78
#INSPVAA,COM3,0,74.5,FINESTEERING,2358,194470.000,00000000,03da,781;2358,194470.000000000,36.56258905814,119.16236133943,101.7916,2.7177,0.6999,0.0375,-177.258582713,2.225674107,118.602820757,INS_ALIGNMENT_COMPLETE*ed6d129b
$GPGGA,060052.00,3633.7553423,N,11909.7416000,E,4,53,0.7,100.359,M,1.450,M,1.000,3863*76
#INSPVAA,COM3,0,74.5,FINESTEERING,2358,194470.500,00000000,01e6,781;2358,194470.500000000,36.56260172051,119.16236473043,101.8071,2.8347,0.7356,0.0098,-177.336583738,2.013127622,117.664624783,INS_ALIGNMENT_COMPLETE*23bcd59e
$GPGGA,060052.50,3633.7560365,N,11909.7416750,E,4,53,0.7,100.361,M,1.450,M,1.500,3863*7A
#INSPVAA,COM3,0,78.3,FINESTEERING,2358,194471.000,00000000,03da,781;2358,194471.000000000,36.56261468646,119.16236766640,101.8374,2.9262,0.7077,0.0012,-177.047891002,1.621348153,116.677843456,INS_ALIGNMENT_COMPLETE*bd010572
$GPGGA,060053.00,3633.7567369,N,11909.7417495,E,4,53,0.8,100.386,M,1.450,M,1.000,3863*7D
#INSPVAA,COM3,0,78.3,FINESTEERING,2358,194471.500,00000000,01e5,781;2358,194471.500000000,36.56262734466,119.16236951342,101.8395,3.0707,0.6843,-0.0198,-177.070981715,1.915037237,116.282639705,INS_ALIGNMENT_COMPLETE*30a56eca
$GPGGA,060053.50,3633.7574309,N,11909.7417888,E,4,53,0.8,100.388,M,1.450,M,1.500,3863*77
#INSPVAA,COM3,0,76.0,FINESTEERING,2358,194472.000,00000000,03d9,781;2358,194472.000000000,36.56263944461,119.16236925338,101.8492,3.0582,0.6052,-0.0454,-177.306049157,2.176996207,116.200942422,INS_ALIGNMENT_COMPLETE*231dcb6a
$GPGGA,060054.00,3633.7581317,N,11909.7418010,E,4,53,0.8,100.403,M,1.450,M,1.000,3863*77
#INSPVAA,COM3,0,76.0,FINESTEERING,2358,194472.500,00000000,01e5,781;2358,194472.500000000,36.56265139612,119.16236991476,101.8516,2.9703,0.5954,0.0971,-177.335976690,2.192329582,116.181714824,INS_ALIGNMENT_COMPLETE*b17be825
$GPGGA,060054.50,3633.7588317,N,11909.7418458,E,4,53,0.8,100.393,M,1.450,M,1.500,3863*78
#INSPVAA,COM3,0,76.4,FINESTEERING,2358,194473.000,00000000,03d9,781;2358,194473.000000000,36.56266185114,119.16236753474,101.8400,3.0066,0.3549,-0.0328,-177.491855210,3.159766970,115.764978370,INS_ALIGNMENT_COMPLETE*46115c2a
$GPGGA,060055.00,3633.7595000,N,11909.7418382,E,4,53,0.8,100.386,M,1.450,M,1.000,3863*74
#INSPVAA,COM3,0,76.4,FINESTEERING,2358,194473.500,00000000,01e5,781;2358,194473.500000000,36.56267347675,119.16236821878,101.9077,2.8444,0.4286,-0.0698,-178.466234186,2.578603525,115.682585972,INS_ALIGNMENT_COMPLETE*4d50d4bd
$GPGGA,060055.50,3633.7601976,N,11909.7418643,E,4,53,0.8,100.446,M,1.450,M,1.500,3863*71
#INSPVAA,COM3,0,75.9,FINESTEERING,2358,194474.000,00000000,03d9,781;2358,194474.000000000,36.56268293408,119.16236690259,101.9110,2.7162,0.3689,0.2859,-177.764569599,3.264199241,114.519580109,INS_ALIGNMENT_COMPLETE*35b0878a
$GPGGA,060056.00,3633.7608369,N,11909.7418828,E,4,53,0.8,100.480,M,1.450,M,2.000,3863*75
#INSPVAA,COM3,0,75.9,FINESTEERING,2358,194474.500,00000000,01e5,781;2358,194474.500000000,36.56269474393,119.16236772826,101.8943,2.9387,0.2644,-0.1387,-178.019581270,4.010179360,114.579679668,INS_ALIGNMENT_COMPLETE*673264cd
$GPGGA,060056.50,3633.7615395,N,11909.7419087,E,4,53,0.8,100.462,M,1.450,M,2.500,3863*7A
#INSPVAA,COM3,0,77.3,FINESTEERING,2358,194475.000,00000000,03d9,781;2358,194475.000000000,36.56270571751,119.16236762789,101.9559,2.7102,0.2407,0.0004,-179.181015257,3.740901787,114.375273344,INS_ALIGNMENT_COMPLETE*070b98b8
$GPGGA,060057.00,3633.7622475,N,11909.7419258,E,4,53,0.8,100.509,M,1.450,M,1.000,3863*79
#INSPVAA,COM3,0,77.3,FINESTEERING,2358,194475.500,00000000,01e5,781;2358,194475.500000000,36.56271702654,119.16236776617,101.9835,2.5958,0.1727,0.1485,-178.435418146,3.464846395,113.350809508,INS_ALIGNMENT_COMPLETE*8981dad2
$GPGGA,060057.50,3633.7629266,N,11909.7419854,E,4,53,0.8,100.530,M,1.450,M,1.500,3863*7A
#INSPVAA,COM3,0,71.2,FINESTEERING,2358,194476.000,00000000,03d9,781;2358,194476.000000000,36.56272762600,119.16236632151,102.0110,2.7813,0.1042,0.0182,-178.421374646,3.758358390,112.269104939,INS_ALIGNMENT_COMPLETE*475f9f35
$GPGGA,060058.00,3633.7635904,N,11909.7419866,E,4,53,0.8,100.562,M,1.450,M,1.000,3863*71
#INSPVAA,COM3,0,71.2,FINESTEERING,2358,194476.500,00000000,01e5,781;2358,194476.500000000,36.56273969861,119.16236722422,102.0413,2.7765,0.1477,0.0140,-179.010593802,3.903978447,112.668436023,INS_ALIGNMENT_COMPLETE*8196e24d
$GPGGA,060058.50,3633.7642870,N,11909.7419760,E,4,53,0.8,100.588,M,1.450,M,1.500,3863*7E
#INSPVAA,COM3,0,76.8,FINESTEERING,2358,194477.000,00000000,03d9,781;2358,194477.000000000,36.56275091624,119.16236831398,102.0443,2.6695,0.1519,-0.0331,-178.434459151,4.222775413,113.709380729,INS_ALIGNMENT_COMPLETE*3ee0397d
$GPGGA,060059.00,3633.7649753,N,11909.7419782,E,4,53,0.8,100.600,M,1.450,M,1.000,3863*75
#INSPVAA,COM3,0,76.8,FINESTEERING,2358,194477.500,00000000,01e5,781;2358,194477.500000000,36.56276260244,119.16236875393,102.0687,2.6468,0.1626,0.0320,-178.529577616,4.391802666,115.164630265,INS_ALIGNMENT_COMPLETE*cffab194
$GPGGA,060059.50,3633.7656732,N,11909.7419761,E,4,53,0.8,100.631,M,1.450,M,0.500,3863*72
#INSPVAA,COM3,0,76.0,FINESTEERING,2358,194478.000,00000000,03d9,781;2358,194478.000000000,36.56277355553,119.16236859649,102.1136,2.5512,0.1981,0.1321,-178.549448084,3.805945677,117.001584262,INS_ALIGNMENT_COMPLETE*597ef4b5
$GPGGA,060100.00,3633.7663612,N,11909.7419723,E,4,53,0.8,100.680,M,1.450,M,1.000,3863*77
#INSPVAA,COM3,0,76.0,FINESTEERING,2358,194478.500,00000000,01e5,781;2358,194478.500000000,36.56278452895,119.16236857562,102.1566,2.4907,0.1486,0.1233,-178.362137744,3.347653665,118.674654533,INS_ALIGNMENT_COMPLETE*745e1e0e
$GPGGA,060100.50,3633.7670545,N,11909.7420155,E,4,53,0.8,100.728,M,1.450,M,1.500,3863*7A
#INSPVAA,COM3,0,79.2,FINESTEERING,2358,194479.000,00000000,03d9,781;2358,194479.000000000,36.56279493941,119.16236766404,102.1824,2.4233,0.0576,-0.0185,-178.687457688,3.160425435,119.660466432,INS_ALIGNMENT_COMPLETE*f783b6e2
$GPGGA,060101.00,3633.7677428,N,11909.7420692,E,4,53,0.8,100.750,M,1.450,M,1.000,3863*75
#INSPVAA,COM3,0,79.2,FINESTEERING,2358,194479.500,00000000,01e5,781;2358,194479.500000000,36.56280546327,119.16236807802,102.2062,2.2299,0.0311,0.0380,-178.181026336,2.697182485,119.036206804,INS_ALIGNMENT_COMPLETE*b7d0893c
$GPGGA,060101.50,3633.7684064,N,11909.7421611,E,4,53,0.8,100.775,M,1.450,M,1.500,3863*78
#INSPVAA,COM3,0,77.3,FINESTEERING,2358,194480.000,00000000,03d9,781;2358,194480.000000000,36.56281644237,119.16236848483,102.2235,2.4175,0.0869,0.0189,-178.319202682,2.861230411,117.583385885,INS_ALIGNMENT_COMPLETE*3bcb0740
$GPGGA,060102.00,3633.7690806,N,11909.7422654,E,4,53,0.8,100.795,M,1.450,M,1.000,3863*7E
#INSPVAA,COM3,0,77.3,FINESTEERING,2358,194480.500,00000000,01e5,781;2358,194480.500000000,36.56282813557,119.16237002234,102.2248,2.4174,0.1019,0.0538,-178.234148866,3.311910074,116.152937324,INS_ALIGNMENT_COMPLETE*3195eb82
$GPGGA,060102.50,3633.7697548,N,11909.7423365,E,4,53,0.8,100.787,M,1.450,M,1.500,3863*7B
#INSPVAA,COM3,0,75.5,FINESTEERING,2358,194481.000,00000000,03d9,781;2358,194481.000000000,36.56284060728,119.16237313306,102.2472,2.5176,0.1836,-0.0275,-178.272942289,3.357735189,113.456502217,INS_ALIGNMENT_COMPLETE*82d0b6bf
$GPGGA,060103.00,3633.7704532,N,11909.7424500,E,4,53,0.8,100.779,M,1.450,M,1.000,3863*7F
#INSPVAA,COM3,0,75.5,FINESTEERING,2358,194481.500,00000000,01e5,781;2358,194481.500000000,36.56285231584,119.16237469552,102.2650,2.6425,0.2292,0.0878,-178.075037591,3.454618514,111.012529392,INS_ALIGNMENT_COMPLETE*f46cda75
$GPGGA,060103.50,3633.7711313,N,11909.7424958,E,4,53,0.8,100.794,M,1.450,M,1.500,3863*7C
#INSPVAA,COM3,0,77.2,FINESTEERING,2358,194482.000,00000000,03d9,781;2358,194482.000000000,36.56286462822,119.16237688707,102.2814,2.7919,0.2710,0.0405,-177.916956353,3.393742225,108.791916266,INS_ALIGNMENT_COMPLETE*6aa548e9
$GPGGA,060104.00,3633.7718164,N,11909.7424996,E,4,53,0.8,100.807,M,1.450,M,1.000,3863*77
#INSPVAA,COM3,0,77.2,FINESTEERING,2358,194482.500,00000000,01e5,781;2358,194482.500000000,36.56287699460,119.16237787005,102.2964,2.8375,0.2676,-0.0303,-178.082475001,3.534428528,106.678650754,INS_ALIGNMENT_COMPLETE*41d76108
$GPGGA,060104.50,3633.7725165,N,11909.7424921,E,4,53,0.8,100.838,M,1.450,M,1.500,3863*78
#INSPVAA,COM3,0,75.7,FINESTEERING,2358,194483.000,00000000,03d9,781;2358,194483.000000000,36.56288943568,119.16237815032,102.3042,2.9380,0.2747,0.0289,-177.963888521,3.470879895,105.092600138,INS_ALIGNMENT_COMPLETE*ac7ca6f9
$GPGGA,060105.00,3633.7732001,N,11909.7424192,E,4,53,0.8,100.847,M,1.450,M,1.000,3863*74
#INSPVAA,COM3,0,75.7,FINESTEERING,2358,194483.500,00000000,01e5,781;2358,194483.500000000,36.56290164138,119.16237758759,102.3353,3.0164,0.2378,0.0998,-178.081351217,3.199497155,103.495117339,INS_ALIGNMENT_COMPLETE*3986e9b8
$GPGGA,060105.50,3633.7738958,N,11909.7423445,E,4,53,0.8,100.846,M,1.450,M,1.500,3863*72
#INSPVAA,COM3,0,77.6,FINESTEERING,2358,194484.000,00000000,03d9,781;2358,194484.000000000,36.56291329924,119.16237535995,102.3497,3.0159,0.1236,0.0204,-178.721620091,3.150389065,102.405685306,INS_ALIGNMENT_COMPLETE*1cd5a439
$GPGGA,060106.00,3633.7745610,N,11909.7421724,E,4,53,0.8,100.864,M,1.450,M,1.000,3863*7E
#INSPVAA,COM3,0,77.6,FINESTEERING,2358,194484.500,00000000,01e5,781;2358,194484.500000000,36.56292501727,119.16237314247,102.3427,2.9258,-0.0267,-0.0609,-178.330349373,3.725887945,102.120749691,INS_ALIGNMENT_COMPLETE*ec05cb71
$GPGGA,060106.50,3633.7752345,N,11909.7420148,E,4,53,0.8,100.836,M,1.450,M,1.500,3863*77
#INSPVAA,COM3,0,77.1,FINESTEERING,2358,194485.000,00000000,03d9,781;2358,194485.000000000,36.56293486520,119.16236795986,102.3465,2.7672,-0.1516,0.0128,-177.460553040,4.094815510,102.436124417,INS_ALIGNMENT_COMPLETE*ac97f558
$GPGGA,060107.00,3633.7758751,N,11909.7418257,E,4,53,0.7,100.858,M,1.450,M,1.000,3863*7C
#INSPVAA,COM3,0,77.1,FINESTEERING,2358,194485.500,00000000,01e5,781;2358,194485.500000000,36.56294540801,119.16236525361,102.3633,2.5988,-0.1950,0.0646,-176.555994819,4.103584972,103.440088152,INS_ALIGNMENT_COMPLETE*c742e9d4
$GPGGA,060107.50,3633.7765440,N,11909.7416822,E,4,53,0.7,100.863,M,1.450,M,1.500,3863*7F
#INSPVAA,COM3,0,74.6,FINESTEERING,2358,194486.000,00000000,03d9,781;2358,194486.000000000,36.56295376703,119.16236025285,102.4113,2.4767,-0.3422,0.0598,-175.941157565,3.655616960,104.409074971,INS_ALIGNMENT_COMPLETE*75c4521d
$GPGGA,060108.00,3633.7771969,N,11909.7415147,E,4,53,0.7,100.971,M,1.450,M,1.000,3863*78
#INSPVAA,COM3,0,74.6,FINESTEERING,2358,194486.500,00000000,01e5,781;2358,194486.500000000,36.56296473131,119.16235749656,102.4499,2.4678,-0.3862,0.0504,-176.134889837,3.688024548,108.182600705,INS_ALIGNMENT_COMPLETE*850d1c50
$GPGGA,060108.50,3633.7778617,N,11909.7413509,E,4,53,0.7,101.007,M,1.450,M,1.500,3863*76
#INSPVAA,COM3,0,76.6,FINESTEERING,2358,194487.000,00000000,03d9,781;2358,194487.000000000,36.56297484609,119.16235394302,102.4979,2.1595,-0.3832,0.0888,-176.417067741,3.108038050,112.914926710,INS_ALIGNMENT_COMPLETE*89249be8
$GPGGA,060109.00,3633.7785309,N,11909.7412133,E,4,53,0.7,101.046,M,1.449,M,1.000,3863*7E
#INSPVAA,COM3,0,76.6,FINESTEERING,2358,194487.500,00000000,01e5,781;2358,194487.500000000,36.56298435800,119.16235152692,102.5360,1.8636,-0.3903,0.0930,-176.482142247,2.796195987,116.864677107,INS_ALIGNMENT_COMPLETE*d47d1320
$GPGGA,060109.50,3633.7792064,N,11909.7411683,E,4,53,0.7,101.089,M,1.449,M,1.500,3863*7C
#INSPVAA,COM3,0,76.9,FINESTEERING,2358,194488.000,00000000,03d9,781;2358,194488.000000000,36.56299325347,119.16234879659,102.5492,1.7604,-0.5053,-0.0393,-176.341424785,3.151421560,119.824532682,INS_ALIGNMENT_COMPLETE*12ce7dfa
$GPGGA,060110.00,3633.7798735,N,11909.7411861,E,4,53,0.8,101.113,M,1.449,M,1.000,3863*72
#INSPVAA,COM3,0,76.9,FINESTEERING,2358,194488.500,00000000,01e5,781;2358,194488.500000000,36.56300102336,119.16234595518,102.5629,1.6865,-0.5423,0.0259,-177.166754511,3.845280819,121.741410180,INS_ALIGNMENT_COMPLETE*89c87a37
$GPGGA,060110.50,3633.7805240,N,11909.7412218,E,4,53,0.8,101.119,M,1.449,M,1.500,3863*73
#INSPVAA,COM3,0,75.1,FINESTEERING,2358,194489.000,00000000,03d9,781;2358,194489.000000000,36.56300841217,119.16234293301,102.5836,1.5628,-0.5642,0.0611,-178.169122571,4.476326105,123.557449159,INS_ALIGNMENT_COMPLETE*67492951
$GPGGA,060111.00,3633.7812022,N,11909.7412972,E,4,53,0.7,101.143,M,1.449,M,1.000,3863*75
#INSPVAA,COM3,0,75.1,FINESTEERING,2358,194489.500,00000000,01e5,781;2358,194489.500000000,36.56301491488,119.16233971273,102.6238,1.3285,-0.6034,0.1436,-178.958537811,4.194745230,123.606773359,INS_ALIGNMENT_COMPLETE*4f899fd8