$GPGGA,061413.00,3633.8056776,N,11909.7444892,E,4,48,0.7,101.556,M,1.449,M,1.000,3863*74
#INSPVAA,COM3,0,82.8,FINESTEERING,2358,195271.500,00000000,01e6,781;2358,195271.500000000,36.56342261707,119.16240835936,102.9735,-1.1514,0.0312,-0.0464,-177.433034812,5.889285336,178.308001652,INS_ALIGNMENT_COMPLETE*33192a1b
$GPGGA,061413.50,3633.8053657,N,11909.7444956,E,4,48,0.7,101.543,M,1.449,M,1.500,3863*7E
#INSPVAA,COM3,0,84.0,FINESTEERING,2358,195272.000,00000000,03da,781;2358,195272.000000000,36.56341758365,119.16240851262,102.9745,-1.1223,0.0285,-0.0089,-177.244105662,5.896701812,178.167626233,INS_ALIGNMENT_COMPLETE*2fe12780
$GPGGA,061414.00,3633.8050567,N,11909.7445068,E,4,48,0.7,101.525,M,1.449,M,1.000,3863*7F
#INSPVAA,COM3,0,84.0,FINESTEERING,2358,195272.500,00000000,01e6,781;2358,195272.500000000,36.56341253652,119.16240864943,102.9601,-1.1193,0.0025,-0.0297,-177.428960485,5.924242670,178.040787538,INS_ALIGNMENT_COMPLETE*2370dc31
$GPGGA,061414.50,3633.8047469,N,11909.7445207,E,4,48,0.7,101.511,M,1.449,M,1.500,3863*7A
<ERROR:Invalid Message ID
[COM3]
#INSPVAA,COM3,0,83.7,FINESTEERING,2358,195273.000,00000000,03da,781;2358,195273.000000000,36.56340754450,119.16240874060,102.9448,-1.0832,0.0569,-0.0504,-177.386365665,5.789879342,177.981735186,INS_ALIGNMENT_COMPLETE*76b8a2ba
$GPGGA,061415.00,3633.8044387,N,11909.7445352,E,4,48,0.7,101.500,M,1.449,M,1.000,3863*7E
#INSPVAA,COM3,0,83.7,FINESTEERING,2358,195273.500,00000000,01e5,781;2358,195273.500000000,36.56340241337,119.16240901222,102.9337,-1.1192,0.0359,-0.0225,-177.070106351,5.749288528,177.986633102,INS_ALIGNMENT_COMPLETE*208b78b1
$GPGGA,061415.50,3633.8041323,N,11909.7445478,E,4,48,0.7,101.485,M,1.449,M,1.500,3863*76
#INSPVAA,COM3,0,83.9,FINESTEERING,2358,195274.000,00000000,03d9,781;2358,195274.000000000,36.56339723432,119.16240949690,102.9284,-1.0951,0.0944,-0.0391,-177.339476458,5.656287737,178.266922322,INS_ALIGNMENT_COMPLETE*865f21f2
$GPGGA,061416.00,3633.8038258,N,11909.7445696,E,4,48,0.7,101.481,M,1.449,M,1.000,3863*70
#INSPVAA,COM3,0,83.9,FINESTEERING,2358,195274.500,00000000,01e5,781;2358,195274.500000000,36.56339209679,119.16240988073,102.9197,-1.1269,0.0858,-0.0034,-177.518297967,5.635775704,178.460464229,INS_ALIGNMENT_COMPLETE*36cb2868
$GPGGA,061416.50,3633.8035184,N,11909.7445904,E,4,48,0.7,101.470,M,1.449,M,1.500,3863*75
#INSPVAA,COM3,0,83.6,FINESTEERING,2358,195275.000,00000000,03d9,781;2358,195275.000000000,36.56338694382,119.16241015326,102.9060,-1.1227,0.0467,0.0003,-177.277269863,5.791885087,178.699910105,INS_ALIGNMENT_COMPLETE*031422c1
$GPGGA,061417.00,3633.8032183,N,11909.7446073,E,4,48,0.7,101.453,M,1.449,M,1.000,3863*7F
#INSPVAA,COM3,0,83.6,FINESTEERING,2358,195275.500,00000000,01e5,781;2358,195275.500000000,36.56338177950,119.16241045152,102.8977,-1.1917,0.0725,-0.0478,-177.304713177,5.850636949,178.842198782,INS_ALIGNMENT_COMPLETE*907fae82
$GPGGA,061417.50,3633.8029114,N,11909.7446223,E,4,48,0.7,101.446,M,1.449,M,1.500,3863*78
#INSPVAA,COM3,0,84.1,FINESTEERING,2358,195276.000,00000000,03d9,781;2358,195276.000000000,36.56337662717,119.16241077740,102.8858,-1.1891,0.0231,0.0056,-177.486413159,5.974601521,179.020384379,INS_ALIGNMENT_COMPLETE*0503bb18
$GPGGA,061418.00,3633.8026043,N,11909.7446384,E,4,48,0.7,101.435,M,1.449,M,1.000,3863*73
#INSPVAA,COM3,0,84.1,FINESTEERING,2358,195276.500,00000000,01e5,781;2358,195276.500000000,36.56337146106,119.16241097853,102.8699,-1.1458,0.0616,-0.0225,-177.561412697,5.825214611,179.338423431,INS_ALIGNMENT_COMPLETE*6d1b17d0
$GPGGA,061418.50,3633.8022934,N,11909.7446496,E,4,48,0.7,101.423,M,1.449,M,1.500,3863*7D
#INSPVAA,COM3,0,83.9,FINESTEERING,2358,195277.000,00000000,03d9,781;2358,195277.000000000,36.56336635765,119.16241106701,102.8521,-1.1632,0.0734,-0.0313,-177.267011862,5.958734380,179.461817183,INS_ALIGNMENT_COMPLETE*b113cb2c
$GPGGA,061419.00,3633.8019874,N,11909.7446532,E,4,48,0.7,101.403,M,1.449,M,1.000,3863*7C
#INSPVAA,COM3,0,83.9,FINESTEERING,2358,195277.500,00000000,01e5,781;2358,195277.500000000,36.56336130699,119.16241119845,102.8460,-1.1111,0.0513,0.0156,-177.444446208,6.093562719,179.637438337,INS_ALIGNMENT_COMPLETE*ae56500e
$GPGGA,061419.50,3633.8016823,N,11909.7446657,E,4,48,0.7,101.399,M,1.449,M,1.500,3863*75
#INSPVAA,COM3,0,81.7,FINESTEERING,2358,195278.000,00000000,03d9,781;2358,195278.000000000,36.56335623809,119.16241124028,102.8322,-1.1316,0.0120,-0.0321,-177.419827716,6.068311533,179.905310494,INS_ALIGNMENT_COMPLETE*f55f96a4
$GPGGA,061420.00,3633.8013743,N,11909.7446729,E,4,48,0.7,101.382,M,1.449,M,1.000,3863*71
#INSPVAA,COM3,0,81.7,FINESTEERING,2358,195278.500,00000000,01e5,781;2358,195278.500000000,36.56335110410,119.16241124898,102.8227,-1.1407,-0.0043,-0.0178,-177.218481108,5.996180988,179.965824814,INS_ALIGNMENT_COMPLETE*1342aa64
$GPGGA,061420.50,3633.8010642,N,11909.7446733,E,4,48,0.7,101.371,M,1.449,M,1.500,3863*75
#INSPVAA,COM3,0,80.2,FINESTEERING,2358,195279.000,00000000,03d9,781;2358,195279.000000000,36.56334605975,119.16241130250,102.8079,-1.1292,0.0177,-0.0017,-177.283847274,6.105583192,180.079040011,INS_ALIGNMENT_COMPLETE*ec1d2c5a
$GPGGA,061421.00,3633.8007589,N,11909.7446783,E,4,48,0.7,101.356,M,1.449,M,1.000,3863*78
#INSPVAA,COM3,0,80.2,FINESTEERING,2358,195279.500,00000000,01e5,781;2358,195279.500000000,36.56334096036,119.16241134599,102.8026,-1.0809,-0.0214,-0.0134,-177.227147070,5.920549454,180.394416463,INS_ALIGNMENT_COMPLETE*087a32fd
$GPGGA,061421.50,3633.8004525,N,11909.7446826,E,4,48,0.7,101.348,M,1.449,M,1.500,3863*72
#INSPVAA,COM3,0,84.1,FINESTEERING,2358,195280.000,00000000,03d9,781;2358,195280.000000000,36.56333583603,119.16241135811,102.8002,-1.1354,0.0081,-0.0240,-177.127927130,5.972842838,180.440082712,INS_ALIGNMENT_COMPLETE*fb217be9
$GPGGA,061422.00,3633.8001451,N,11909.7446837,E,4,48,0.7,101.347,M,1.449,M,1.000,3863*79
#INSPVAA,COM3,0,84.1,FINESTEERING,2358,195280.500,00000000,01e5,781;2358,195280.500000000,36.56333065410,119.16241137513,102.7845,-1.1695,0.0092,-0.0749,-177.280963853,6.079537617,180.577996541,INS_ALIGNMENT_COMPLETE*e5aa3c10
$GPGGA,061422.50,3633.7998339,N,11909.7446851,E,4,48,0.7,101.338,M,1.449,M,1.500,3863*7E
#INSPVAA,COM3,0,81.6,FINESTEERING,2358,195281.000,00000000,03d9,781;2358,195281.000000000,36.56332543476,119.16241136794,102.7673,-1.1083,-0.0191,-0.0180,-177.167543663,5.956529784,180.698749870,INS_ALIGNMENT_COMPLETE*17ab11b1
$GPGGA,061423.00,3633.7995219,N,11909.7446833,E,4,48,0.7,101.322,M,1.449,M,1.000,3863*7E
#INSPVAA,COM3,0,81.6,FINESTEERING,2358,195281.500,00000000,01e5,781;2358,195281.500000000,36.56332028761,119.16241137398,102.7633,-1.1137,-0.0175,-0.0232,-177.085453900,5.943760527,180.789459141,INS_ALIGNMENT_COMPLETE*f4b5e294
$GPGGA,061423.50,3633.7992164,N,11909.7446812,E,4,48,0.7,101.318,M,1.449,M,1.500,3863*7A
#INSPVAA,COM3,0,81.2,FINESTEERING,2358,195282.000,00000000,03d9,781;2358,195282.000000000,36.56331510680,119.16241140119,102.7616,-1.1304,0.0153,-0.0060,-177.064882270,5.751880591,180.894569292,INS_ALIGNMENT_COMPLETE*4011253f
$GPGGA,061424.00,3633.7989043,N,11909.7446812,E,4,49,0.7,101.315,M,1.449,M,1.000,3863*7F
#INSPVAA,COM3,0,81.2,FINESTEERING,2358,195282.500,00000000,01e5,781;2358,195282.500000000,36.56330997131,119.16241136322,102.7490,-1.1433,-0.0327,-0.0196,-177.103077074,5.716700620,180.823729424,INS_ALIGNMENT_COMPLETE*629bc097
$GPGGA,061424.50,3633.7985949,N,11909.7446808,E,4,49,0.7,101.303,M,1.449,M,1.500,3863*7C
#INSPVAA,COM3,0,84.0,FINESTEERING,2358,195283.000,00000000,03d9,781;2358,195283.000000000,36.56330481395,119.16241121639,102.7342,-1.1332,-0.0047,-0.0522,-176.728693279,5.782959871,180.712193947,INS_ALIGNMENT_COMPLETE*45094d0d
$GPGGA,061425.00,3633.7982860,N,11909.7446727,E,4,49,0.7,101.287,M,1.449,M,1.000,3863*7F
#INSPVAA,COM3,0,84.0,FINESTEERING,2358,195283.500,00000000,01e5,781;2358,195283.500000000,36.56329964439,119.16241111225,102.7274,-1.1183,-0.0148,-0.0573,-176.495855542,5.709297810,180.562087459,INS_ALIGNMENT_COMPLETE*1f378fa5
$GPGGA,061425.50,3633.7979779,N,11909.7446650,E,4,49,0.7,101.276,M,1.449,M,1.500,3863*73
#INSPVAA,COM3,0,81.5,FINESTEERING,2358,195284.000,00000000,03d9,781;2358,195284.000000000,36.56329449314,119.16241107977,102.7195,-1.1477,0.0105,0.0031,-176.570683155,5.652218012,180.570332149,INS_ALIGNMENT_COMPLETE*e2ebcc50
$GPGGA,061426.00,3633.7976669,N,11909.7446658,E,4,49,0.7,101.269,M,1.449,M,1.000,3863*79
#INSPVAA,COM3,0,81.5,FINESTEERING,2358,195284.500,00000000,01e5,781;2358,195284.500000000,36.56328933995,119.16241102224,102.7089,-1.1398,-0.0550,-0.0252,-176.465610043,5.514061327,180.599136836,INS_ALIGNMENT_COMPLETE*6fdb809f
$GPGGA,061426.50,3633.7973584,N,11909.7446628,E,4,49,0.7,101.257,M,1.449,M,1.500,3863*76
#INSPVAA,COM3,0,83.9,FINESTEERING,2358,195285.000,00000000,03d9,781;2358,195285.000000000,36.56328418399,119.16241088286,102.6915,-1.1265,-0.0164,-0.0353,-176.477819408,5.406873923,180.478598356,INS_ALIGNMENT_COMPLETE*3a950f46
$GPGGA,061427.00,3633.7970467,N,11909.7446580,E,4,49,0.7,101.237,M,1.449,M,1.000,3863*7F
#INSPVAA,COM3,0,83.9,FINESTEERING,2358,195285.500,00000000,01e5,781;2358,195285.500000000,36.56327898779,119.16241080356,102.6832,-1.1228,0.0160,-0.0262,-176.377889032,5.332937745,180.292959636,INS_ALIGNMENT_COMPLETE*4399dab3
$GPGGA,061427.50,3633.7967363,N,11909.7446538,E,4,49,0.7,101.232,M,1.449,M,1.500,3863*7C
#INSPVAA,COM3,0,84.0,FINESTEERING,2358,195286.000,00000000,03d9,781;2358,195286.000000000,36.56327378335,119.16241081338,102.6667,-1.1414,-0.0094,-0.0539,-176.371731033,5.379958110,180.197067781,INS_ALIGNMENT_COMPLETE*0c6537a8
$GPGGA,061428.00,3633.7964247,N,11909.7446512,E,4,49,0.7,101.219,M,1.449,M,1.000,3863*76
#INSPVAA,COM3,0,84.0,FINESTEERING,2358,195286.500,00000000,01e5,781;2358,195286.500000000,36.56326865136,119.16241073311,102.6495,-1.1353,-0.0440,-0.0362,-176.191374254,5.412387306,180.152491844,INS_ALIGNMENT_COMPLETE*1852af5d
$GPGGA,061428.50,3633.7961162,N,11909.7446519,E,4,49,0.7,101.204,M,1.449,M,1.500,3863*70
#INSPVAA,COM3,0,81.5,FINESTEERING,2358,195287.000,00000000,03d9,781;2358,195287.000000000,36.56326352200,119.16241070112,102.6434,-1.1457,0.0213,-0.0274,-176.258585934,5.370669156,180.012931776,INS_ALIGNMENT_COMPLETE*98fed4b8
$GPGGA,061429.00,3633.7958081,N,11909.7446551,E,4,49,0.7,101.200,M,1.449,M,1.000,3863*7F
#INSPVAA,COM3,0,81.5,FINESTEERING,2358,195287.500,00000000,01e5,781;2358,195287.500000000,36.56325836763,119.16241067149,102.6324,-1.1181,-0.0279,-0.0206,-176.244298377,5.251111998,179.789988154,INS_ALIGNMENT_COMPLETE*dfa7db6d
$GPGGA,061429.50,3633.7955001,N,11909.7446546,E,4,49,0.7,101.194,M,1.449,M,1.500,3863*72
#INSPVAA,COM3,0,84.0,FINESTEERING,2358,195288.000,00000000,03d9,781;2358,195288.000000000,36.56325319500,119.16241084906,102.6234,-1.1529,0.0211,-0.0298,-176.284752862,5.354157895,179.697826688,INS_ALIGNMENT_COMPLETE*79b8fc38
$GPGGA,061430.00,3633.7951916,N,11909.7446616,E,4,49,0.7,101.181,M,1.449,M,1.000,3863*73
#INSPVAA,COM3,0,84.0,FINESTEERING,2358,195288.500,00000000,01e5,781;2358,195288.500000000,36.56324806078,119.16241094888,102.6045,-1.1323,0.0094,-0.0240,-176.174489864,5.228935125,179.899816646,INS_ALIGNMENT_COMPLETE*2c7760a0
$GPGGA,061430.50,3633.7948826,N,11909.7446683,E,4,48,0.7,101.166,M,1.449,M,1.500,3863*7D
#INSPVAA,COM3,0,81.4,FINESTEERING,2358,195289.000,00000000,03d9,781;2358,195289.000000000,36.56324293853,119.16241123506,102.5909,-1.1267,0.0489,-0.0061,-176.382136488,5.474650251,180.114210683,INS_ALIGNMENT_COMPLETE*6bb0cb88
$GPGGA,061431.00,3633.7945730,N,11909.7446828,E,4,49,0.7,101.142,M,1.449,M,1.000,3863*71
#INSPVAA,COM3,0,81.4,FINESTEERING,2358,195289.500,00000000,01e5,781;2358,195289.500000000,36.56323776922,119.16241132263,102.5725,-1.1526,-0.0059,-0.0415,-176.233983250,5.332873620,180.117116303,INS_ALIGNMENT_COMPLETE*d4d232d6
$GPGGA,061431.50,3633.7942649,N,11909.7446859,E,4,49,0.7,101.126,M,1.449,M,1.500,3863*7D
#INSPVAA,COM3,0,81.4,FINESTEERING,2358,195290.000,00000000,03d9,781;2358,195290.000000000,36.56323257183,119.16241148007,102.5536,-1.1745,0.0071,-0.0608,-176.110592260,5.347368352,180.267570666,INS_ALIGNMENT_COMPLETE*08d7e426
$GPGGA,061432.00,3633.7939590,N,11909.7446911,E,4,49,0.7,101.110,M,1.449,M,1.000,3863*7D
#INSPVAA,COM3,0,81.4,FINESTEERING,2358,195290.500,00000000,01e5,781;2358,195290.500000000,36.56322740701,119.16241162977,102.5393,-1.1752,0.0601,-0.0179,-176.181587173,5.551724276,180.307721768,INS_ALIGNMENT_COMPLETE*5dfabb1a
$GPGGA,061432.50,3633.7936489,N,11909.7446977,E,4,49,0.7,101.092,M,1.449,M,1.500,3863*70
#INSPVAA,COM3,0,81.5,FINESTEERING,2358,195291.000,00000000,03d9,781;2358,195291.000000000,36.56322226697,119.16241172120,102.5261,-1.1666,0.0346,-0.0503,-176.121885080,5.490670570,180.361520085,INS_ALIGNMENT_COMPLETE*6d899c03
$GPGGA,061433.00,3633.7933403,N,11909.7447023,E,4,49,0.7,101.079,M,1.449,M,1.000,3863*7A
#INSPVAA,COM3,0,81.5,FINESTEERING,2358,195291.500,00000000,01e5,781;2358,195291.500000000,36.56321672343,119.16241206170,102.5190,-1.2945,0.0516,-0.0469,-176.319943108,5.453295946,180.553152632,INS_ALIGNMENT_COMPLETE*b49bea12
$GPGGA,061433.50,3633.7930062,N,11909.7447108,E,4,49,0.7,101.067,M,1.449,M,1.500,3863*7D
#INSPVAA,COM3,0,81.5,FINESTEERING,2358,195292.000,00000000,03d9,781;2358,195292.000000000,36.56321082868,119.16241253596,102.5164,-1.2980,0.1035,-0.0232,-176.275881517,5.567108379,180.678419082,INS_ALIGNMENT_COMPLETE*54e84773
$GPGGA,061434.00,3633.7926496,N,11909.7447153,E,4,49,0.7,101.067,M,1.449,M,1.000,3863*7C
#INSPVAA,COM3,0,81.5,FINESTEERING,2358,195292.500,00000000,01e5,781;2358,195292.500000000,36.56320473492,119.16241265120,102.5040,-1.3964,0.0351,0.0599,-176.556767888,5.495934435,181.825084362,INS_ALIGNMENT_COMPLETE*2c13f440
$GPGGA,061434.50,3633.7922844,N,11909.7447177,E,4,49,0.7,101.061,M,1.449,M,1.500,3863*7B
#INSPVAA,COM3,0,81.6,FINESTEERING,2358,195293.000,00000000,03d9,781;2358,195293.000000000,36.56319860818,119.16241250002,102.4883,-1.3808,0.0125,-0.0263,-176.691166293,5.354306460,183.474740890,INS_ALIGNMENT_COMPLETE*ea3adb27
$GPGGA,061435.00,3633.7919175,N,11909.7447167,E,4,48,0.7,101.040,M,1.449,M,1.000,3863*7A
#INSPVAA,COM3,0,81.6,FINESTEERING,2358,195293.500,00000000,01e5,781;2358,195293.500000000,36.56319255074,119.16241232513,102.4726,-1.3398,0.0354,-0.0295,-176.583203382,5.282999762,184.195750273,INS_ALIGNMENT_COMPLETE*eee67481
$GPGGA,061435.50,3633.7915553,N,11909.7447118,E,4,48,0.7,101.024,M,1.449,M,1.500,3863*7C
#INSPVAA,COM3,0,81.5,FINESTEERING,2358,195294.000,00000000,03d9,781;2358,195294.000000000,36.56318655203,119.16241191225,102.4529,-1.3348,-0.0384,-0.0219,-176.651783700,5.248618453,185.173522071,INS_ALIGNMENT_COMPLETE*30fe87b3
$GPGGA,061436.00,3633.7911993,N,11909.7447078,E,4,48,0.7,101.005,M,1.449,M,1.000,3863*7F
#INSPVAA,COM3,0,81.5,FINESTEERING,2358,195294.500,00000000,01e5,781;2358,195294.500000000,36.56318061640,119.16241172094,102.4442,-1.3313,-0.0092,-0.0438,-176.756274711,5.272904043,184.990877254,INS_ALIGNMENT_COMPLETE*925370b8
$GPGGA,061436.50,3633.7908435,N,11909.7447016,E,4,48,0.7,100.996,M,1.449,M,1.500,3863*7C
#INSPVAA,COM3,0,81.7,FINESTEERING,2358,195295.000,00000000,03d9,781;2358,195295.000000000,36.56317468715,119.16241147615,102.4292,-1.3417,-0.0123,-0.0347,-176.748833462,5.209946283,184.885963793,INS_ALIGNMENT_COMPLETE*84c1ce2a
$GPGGA,061437.00,3633.7904866,N,11909.7446955,E,4,48,0.7,100.979,M,1.449,M,1.000,3863*75
#INSPVAA,COM3,0,81.7,FINESTEERING,2358,195295.500,00000000,01e5,781;2358,195295.500000000,36.56316880812,119.16241134257,102.4132,-1.3054,-0.0120,-0.0398,-176.682264222,5.262793891,184.807106667,INS_ALIGNMENT_COMPLETE*5d144542
$GPGGA,061437.50,3633.7901321,N,11909.7446917,E,4,48,0.7,100.962,M,1.449,M,1.500,3863*74
#INSPVAA,COM3,0,81.0,FINESTEERING,2358,195296.000,00000000,03d9,781;2358,195296.000000000,36.56316303381,119.16241122493,102.4053,-1.2713,-0.0604,-0.0442,-176.685206207,5.304478283,184.703036558,INS_ALIGNMENT_COMPLETE*efe1d22c
$GPGGA,061438.00,3633.7897823,N,11909.7446879,E,4,48,0.7,100.953,M,1.450,M,1.000,3863*7F
#INSPVAA,COM3,0,81.0,FINESTEERING,2358,195296.500,00000000,01e5,781;2358,195296.500000000,36.56315719345,119.16241125013,102.3873,-1.3053,-0.0135,-0.0461,-176.544724651,5.300062716,184.913200438,INS_ALIGNMENT_COMPLETE*af3e651a
$GPGGA,061438.50,3633.7894305,N,11909.7446890,E,4,48,0.7,100.932,M,1.450,M,1.500,3863*73
#INSPVAA,COM3,0,81.0,FINESTEERING,2358,195297.000,00000000,03d9,781;2358,195297.000000000,36.56315138759,119.16241138578,102.3708,-1.2565,-0.0174,-0.0633,-176.657658521,5.292729676,185.224585955,INS_ALIGNMENT_COMPLETE*7ab6750d
$GPGGA,061439.00,3633.7890786,N,11909.7446963,E,4,49,0.7,100.913,M,1.450,M,1.000,3863*76
#INSPVAA,COM3,0,81.0,FINESTEERING,2358,195297.500,00000000,01e6,781;2358,195297.500000000,36.56314553963,119.16241143257,102.3590,-1.2694,0.0081,-0.0624,-176.537011580,5.336530164,185.275817037,INS_ALIGNMENT_COMPLETE*b9822100
$GPGGA,061439.50,3633.7887269,N,11909.7447023,E,4,49,0.7,100.899,M,1.450,M,1.500,3863*7B
#INSPVAA,COM3,0,80.9,FINESTEERING,2358,195298.000,00000000,03da,781;2358,195298.000000000,36.56313967956,119.16241159369,102.3446,-1.2967,-0.0226,-0.0231,-176.604242787,5.393693504,185.430896689,INS_ALIGNMENT_COMPLETE*201393ce
$GPGGA,061440.00,3633.7883738,N,11909.7447126,E,4,49,0.7,100.887,M,1.450,M,1.000,3863*7B
#INSPVAA,COM3,0,80.9,FINESTEERING,2358,195298.500,00000000,01e6,781;2358,195298.500000000,36.56313381715,119.16241174405,102.3325,-1.2829,0.0107,-0.0735,-176.460378359,5.400873326,185.540322303,INS_ALIGNMENT_COMPLETE*fff03f10
$GPGGA,061440.50,3633.7880225,N,11909.7447210,E,4,48,0.7,100.878,M,1.450,M,0.500,3863*77
#INSPVAA,COM3,0,80.9,FINESTEERING,2358,195299.000,00000000,03da,781;2358,195299.000000000,36.56312790803,119.16241205386,102.3180,-1.2943,0.0393,-0.0063,-176.613289470,5.527143066,185.527304666,INS_ALIGNMENT_COMPLETE*1f5a9d21
$GPGGA,061441.00,3633.7876699,N,11909.7447329,E,4,49,0.7,100.862,M,1.450,M,1.000,3863*7C
#INSPVAA,COM3,0,80.9,FINESTEERING,2358,195299.500,00000000,01e6,781;2358,195299.500000000,36.56312193506,119.16241229017,102.3082,-1.2957,0.0538,-0.0665,-176.573668723,5.613720090,185.726562092,INS_ALIGNMENT_COMPLETE*bca34d62
$GPGGA,061441.50,3633.7873096,N,11909.7447479,E,4,49,0.7,100.851,M,1.450,M,0.500,3863*73
#INSPVAA,COM3,0,80.9,FINESTEERING,2358,195300.000,00000000,03da,781;2358,195300.000000000,36.56311595104,119.16241259320,102.2986,-1.3107,0.0507,-0.0202,-176.615850760,5.594094265,185.731132404,INS_ALIGNMENT_COMPLETE*1dd64e37
$GPGGA,061442.00,3633.7869513,N,11909.7447647,E,4,49,0.7,100.840,M,1.450,M,1.000,3863*7D
#INSPVAA,COM3,0,80.9,FINESTEERING,2358,195300.500,00000000,01e5,781;2358,195300.500000000,36.56311000197,119.16241277557,102.2913,-1.2467,0.0217,0.0296,-176.582295424,5.665792510,185.454885071,INS_ALIGNMENT_COMPLETE*06d8326f
$GPGGA,061442.50,3633.7865939,N,11909.7447763,E,4,48,0.7,100.828,M,1.450,M,1.500,3863*7D
#INSPVAA,COM3,0,80.6,FINESTEERING,2358,195301.000,00000000,03d9,781;2358,195301.000000000,36.56310407962,119.16241315838,102.2844,-1.2991,0.0556,-0.0007,-176.802071013,5.871809822,185.348625657,INS_ALIGNMENT_COMPLETE*b8380889
$GPGGA,061443.00,3633.7862389,N,11909.7448002,E,4,49,0.7,100.823,M,1.450,M,1.000,3863*7F
#INSPVAA,COM3,0,80.6,FINESTEERING,2358,195301.500,00000000,01e5,781;2358,195301.500000000,36.56309806875,119.16241341002,102.2709,-1.3484,0.0726,-0.0278,-176.720697689,5.755451908,185.214988900,INS_ALIGNMENT_COMPLETE*c95c6c7b
$GPGGA,061443.50,3633.7858785,N,11909.7448133,E,4,49,0.7,100.812,M,1.450,M,1.500,3863*7F
#INSPVAA,COM3,0,81.3,FINESTEERING,2358,195302.000,00000000,03d9,781;2358,195302.000000000,36.56309210933,119.16241389246,102.2552,-1.3079,0.0525,0.0246,-176.821453184,5.658000576,185.576406424,INS_ALIGNMENT_COMPLETE*33c7d5bf
$GPGGA,061444.00,3633.7855218,N,11909.7448390,E,4,49,0.7,100.797,M,1.450,M,1.000,3863*7D
#INSPVAA,COM3,0,81.3,FINESTEERING,2358,195302.500,00000000,01e5,781;2358,195302.500000000,36.56308616353,119.16241423660,102.2423,-1.2978,0.0930,-0.0284,-176.636157664,5.561538753,185.805789751,INS_ALIGNMENT_COMPLETE*ac4b36c1
$GPGGA,061444.50,3633.7851647,N,11909.7448612,E,4,48,0.7,100.789,M,1.450,M,1.500,3863*76
<ERROR:Invalid Message ID
[COM3]
<ERROR:Invalid Message ID
[COM3]
#INSPVAA,COM3,0,81.1,FINESTEERING,2358,195303.000,00000000,03d9,781;2358,195303.000000000,36.56308030275,119.16241463659,102.2269,-1.3053,0.0348,0.0455,-176.657692049,5.737963798,186.590577471,INS_ALIGNMENT_COMPLETE*d750b975
$GPGGA,061445.00,3633.7848125,N,11909.7448873,E,4,48,0.7,100.770,M,1.450,M,1.000,3863*73
#INSPVAA,COM3,0,81.1,FINESTEERING,2358,195303.500,00000000,01e5,781;2358,195303.500000000,36.56307435610,119.16241504732,102.2129,-1.3035,0.0967,-0.0669,-176.805865532,5.775536258,187.362666223,INS_ALIGNMENT_COMPLETE*a83e0c4d
$GPGGA,061445.50,3633.7844578,N,11909.7449108,E,4,48,0.7,100.762,M,1.450,M,1.500,3863*74
#INSPVAA,COM3,0,81.4,FINESTEERING,2358,195304.000,00000000,03d9,781;2358,195304.000000000,36.56306834172,119.16241552614,102.2001,-1.3299,0.0144,0.0123,-176.932815393,5.806676671,188.321273616,INS_ALIGNMENT_COMPLETE*3aa1cb0d
$GPGGA,061446.00,3633.7840996,N,11909.7449352,E,4,49,0.7,100.750,M,1.450,M,1.000,3863*72
#INSPVAA,COM3,0,81.4,FINESTEERING,2358,195304.500,00000000,01e5,781;2358,195304.500000000,36.56306234430,119.16241580744,102.1887,-1.3264,0.0418,-0.0022,-176.977180826,5.776453307,189.094923863,INS_ALIGNMENT_COMPLETE*4aad174d
$GPGGA,061446.50,3633.7837410,N,11909.7449509,E,4,48,0.7,100.741,M,1.450,M,1.500,3863*78
#INSPVAA,COM3,0,79.9,FINESTEERING,2358,195305.000,00000000,03d9,781;2358,195305.000000000,36.56305632209,119.16241593628,102.1789,-1.3492,0.0136,0.0321,-177.008110123,5.751490230,189.598388074,INS_ALIGNMENT_COMPLETE*a0d032b7
$GPGGA,061447.00,3633.7833832,N,11909.7449586,E,4,48,0.7,100.733,M,1.450,M,1.000,3863*73
#INSPVAA,COM3,0,79.9,FINESTEERING,2358,195305.500,00000000,01e5,781;2358,195305.500000000,36.56305028195,119.16241603461,102.1705,-1.3395,0.0228,-0.0012,-177.271773725,5.575173600,190.244078610,INS_ALIGNMENT_COMPLETE*223d1362
$GPGGA,061447.50,3633.7830199,N,11909.7449618,E,4,48,0.7,100.720,M,1.450,M,1.500,3863*7E
#INSPVAA,COM3,0,84.0,FINESTEERING,2358,195306.000,00000000,03d9,781;2358,195306.000000000,36.56304426480,119.16241601332,102.1592,-1.3417,0.0069,-0.0170,-177.188227793,5.535825632,190.826843968,INS_ALIGNMENT_COMPLETE*dc6fefc5
$GPGGA,061448.00,3633.7826613,N,11909.7449565,E,4,48,0.7,100.706,M,1.450,M,1.000,3863*7E
#INSPVAA,COM3,0,84.0,FINESTEERING,2358,195306.500,00000000,01e5,781;2358,195306.500000000,36.56303826889,119.16241581052,102.1445,-1.3611,-0.0453,0.0221,-176.996239715,5.519491520,191.136710283,INS_ALIGNMENT_COMPLETE*be9735e9
$GPGGA,061448.50,3633.7823015,N,11909.7449462,E,4,48,0.7,100.690,M,1.450,M,1.500,3863*73
#INSPVAA,COM3,0,81.2,FINESTEERING,2358,195307.000,00000000,03d9,781;2358,195307.000000000,36.56303231490,119.16241559153,102.1342,-1.3651,-0.0520,-0.0299,-177.220223115,5.346109859,191.448125702,INS_ALIGNMENT_COMPLETE*0f70cada
$GPGGA,061449.00,3633.7819453,N,11909.7449346,E,4,48,0.7,100.686,M,1.450,M,1.000,3863*7B
#INSPVAA,COM3,0,81.2,FINESTEERING,2358,195307.500,00000000,01e5,781;2358,195307.500000000,36.56302634259,119.16241538092,102.1188,-1.3533,-0.1060,-0.0412,-177.160575962,5.304340035,191.642869412,INS_ALIGNMENT_COMPLETE*ce0728f7
$GPGGA,061449.50,3633.7815856,N,11909.7449219,E,4,48,0.7,100.668,M,1.450,M,1.500,3863*75
#INSPVAA,COM3,0,81.3,FINESTEERING,2358,195308.000,00000000,03d9,781;2358,195308.000000000,36.56302044808,119.16241495410,102.0978,-1.3202,-0.0734,-0.0222,-177.042597242,5.275595842,191.276916974,INS_ALIGNMENT_COMPLETE*bf709eb4
$GPGGA,061450.00,3633.7812336,N,11909.7448940,E,4,47,0.7,100.643,M,1.450,M,1.000,3863*77
#INSPVAA,COM3,0,81.3,FINESTEERING,2358,195308.500,00000000,01e5,781;2358,195308.500000000,36.56301459585,119.16241471507,102.0806,-1.2923,-0.0716,-0.0079,-177.194424794,5.378976776,190.834741160,INS_ALIGNMENT_COMPLETE*1ab59f5e
$GPGGA,061450.50,3633.7808807,N,11909.7448818,E,4,47,0.7,100.628,M,1.450,M,1.500,3863*74
#INSPVAA,COM3,0,84.0,FINESTEERING,2358,195309.000,00000000,03d9,781;2358,195309.000000000,36.56300877560,119.16241443132,102.0592,-1.2852,-0.0251,-0.0443,-176.856463617,5.276612829,190.384835708,INS_ALIGNMENT_COMPLETE*c9ae27dc
$GPGGA,061451.00,3633.7805272,N,11909.7448680,E,4,47,0.7,100.603,M,1.450,M,1.000,3863*76
#INSPVAA,COM3,0,84.0,FINESTEERING,2358,195309.500,00000000,01e5,781;2358,195309.500000000,36.56300297102,119.16241436718,102.0370,-1.3062,0.0315,0.0137,-176.910695652,5.463215599,189.601248139,INS_ALIGNMENT_COMPLETE*c6280046
$GPGGA,061451.50,3633.7801785,N,11909.7448640,E,4,49,0.7,100.581,M,1.450,M,1.500,3863*74
#INSPVAA,COM3,0,81.3,FINESTEERING,2358,195310.000,00000000,03d9,781;2358,195310.000000000,36.56299719084,119.16241436697,102.0193,-1.2923,0.0323,-0.0493,-176.800884679,5.514149631,188.767917352,INS_ALIGNMENT_COMPLETE*6f17a2dc
$GPGGA,061452.00,3633.7798288,N,11909.7448650,E,4,48,0.7,100.570,M,1.450,M,1.000,3863*7E
#INSPVAA,COM3,0,81.3,FINESTEERING,2358,195310.500,00000000,01e5,781;2358,195310.500000000,36.56299134587,119.16241447708,102.0101,-1.2857,-0.0126,0.0047,-176.741144056,5.444400755,187.706999440,INS_ALIGNMENT_COMPLETE*2996085b
$GPGGA,061452.50,3633.7794754,N,11909.7448721,E,4,49,0.7,100.559,M,1.450,M,1.500,3863*7B
#INSPVAA,COM3,0,83.9,FINESTEERING,2358,195311.000,00000000,03d9,781;2358,195311.000000000,36.56298543568,119.16241475518,102.0028,-1.3189,0.0407,-0.0315,-176.826111237,5.378099101,186.764585493,INS_ALIGNMENT_COMPLETE*6fd1bd2d
$GPGGA,061453.00,3633.7791169,N,11909.7448888,E,4,49,0.7,100.553,M,1.450,M,1.000,3863*71
#INSPVAA,COM3,0,83.9,FINESTEERING,2358,195311.500,00000000,01e5,781;2358,195311.500000000,36.56297946382,119.16241526214,101.9874,-1.2850,0.1331,-0.0362,-176.903562683,5.513792738,186.338036535,INS_ALIGNMENT_COMPLETE*e4970e74
$GPGGA,061453.50,3633.7787567,N,11909.7449190,E,4,49,0.7,100.540,M,1.450,M,1.500,3863*7F
#INSPVAA,COM3,0,81.2,FINESTEERING,2358,195312.000,00000000,03d9,781;2358,195312.000000000,36.56297348137,119.16241599817,101.9725,-1.2851,0.1297,-0.0512,-177.067966755,5.538220535,186.502017421,INS_ALIGNMENT_COMPLETE*ef1545df
$GPGGA,061454.00,3633.7783970,N,11909.7449629,E,4,49,0.7,100.518,M,1.450,M,1.000,3863*7E
#INSPVAA,COM3,0,81.2,FINESTEERING,2358,195312.500,00000000,01e5,781;2358,195312.500000000,36.56296758525,119.16241675673,101.9570,-1.2933,0.1319,-0.0471,-176.849068356,5.510250610,187.184874282,INS_ALIGNMENT_COMPLETE*0582cc2c
$GPGGA,061454.50,3633.7780434,N,11909.7450122,E,4,49,0.7,100.506,M,1.450,M,1.500,3863*7B
#INSPVAA,COM3,0,81.3,FINESTEERING,2358,195313.000,00000000,03d9,781;2358,195313.000000000,36.56296156970,119.16241738700,101.9416,-1.3272,0.0809,-0.0279,-176.710479721,5.573275107,188.016684385,INS_ALIGNMENT_COMPLETE*3b12f411
$GPGGA,061455.00,3633.7776854,N,11909.7450516,E,4,49,0.7,100.497,M,1.450,M,1.000,3863*73
#INSPVAA,COM3,0,81.3,FINESTEERING,2358,195313.500,00000000,01e5,781;2358,195313.500000000,36.56295570613,119.16241848159,101.9303,-1.2742,0.1479,-0.0186,-177.549611424,5.677930000,189.336030263,INS_ALIGNMENT_COMPLETE*5ec42fdb
$GPGGA,061455.50,3633.7773299,N,11909.7451196,E,4,49,0.7,100.486,M,1.450,M,1.500,3863*70
#INSPVAA,COM3,0,81.2,FINESTEERING,2358,195314.000,00000000,03d9,781;2358,195314.000000000,36.56294978454,119.16241938635,101.9184,-1.3351,0.1806,0.0255,-177.556285306,5.891480224,190.805012690,INS_ALIGNMENT_COMPLETE*b0281945
$GPGGA,061456.00,3633.7769793,N,11909.7451706,E,4,49,0.7,100.466,M,1.450,M,1.000,3863*76
#INSPVAA,COM3,0,81.2,FINESTEERING,2358,195314.500,00000000,01e5,781;2358,195314.500000000,36.56294386835,119.16242007720,101.9098,-1.3015,0.0598,-0.0397,-177.825083824,5.882130674,191.932987357,INS_ALIGNMENT_COMPLETE*fccd28e8
$GPGGA,061456.50,3633.7766260,N,11909.7452116,E,4,49,0.7,100.458,M,1.450,M,1.500,3863*79
#INSPVAA,COM3,0,81.4,FINESTEERING,2358,195315.000,00000000,03d9,781;2358,195315.000000000,36.56293788341,119.16242079613,101.8970,-1.2693,0.1589,-0.0500,-178.063332897,6.011191558,193.299043919,INS_ALIGNMENT_COMPLETE*d9c91e24
$GPGGA,061457.00,3633.7762734,N,11909.7452513,E,4,49,0.7,100.448,M,1.450,M,1.000,3863*78
#INSPVAA,COM3,0,81.4,FINESTEERING,2358,195315.500,00000000,01e5,781;2358,195315.500000000,36.56293192089,119.16242109399,101.8835,-1.3296,0.0210,-0.0393,-177.868127884,5.902063326,193.855227285,INS_ALIGNMENT_COMPLETE*f0a4c3b0
$GPGGA,061457.50,3633.7759172,N,11909.7452707,E,4,48,0.7,100.435,M,1.450,M,1.500,3863*78
#INSPVAA,COM3,0,81.4,FINESTEERING,2358,195316.000,00000000,03d9,781;2358,195316.000000000,36.56292599128,119.16242126849,101.8638,-1.2949,0.0700,-0.0094,-177.622462703,5.940352215,194.081956437,INS_ALIGNMENT_COMPLETE*94561bab
$GPGGA,061458.00,3633.7755665,N,11909.7452765,E,4,48,0.7,100.412,M,1.450,M,1.000,3863*7B
#INSPVAA,COM3,0,81.4,FINESTEERING,2358,195316.500,00000000,01e5,781;2358,195316.500000000,36.56292013819,119.16242142751,101.8535,-1.3124,0.0072,-0.0347,-177.778307001,5.903973822,194.474930291,INS_ALIGNMENT_COMPLETE*54bf308a
$GPGGA,061458.50,3633.7752135,N,11909.7452865,E,4,48,0.7,100.401,M,1.450,M,1.500,3863*73
#INSPVAA,COM3,0,81.5,FINESTEERING,2358,195317.000,00000000,03d9,781;2358,195317.000000000,36.56291433536,119.16242161355,101.8412,-1.3159,0.0021,-0.0787,-177.611804166,5.911785659,195.441869303,INS_ALIGNMENT_COMPLETE*9579766a
$GPGGA,061459.00,3633.7748623,N,11909.7452948,E,4,48,0.7,100.386,M,1.450,M,1.000,3863*7F
#INSPVAA,COM3,0,81.5,FINESTEERING,2358,195317.500,00000000,01e5,781;2358,195317.500000000,36.56290851444,119.16242173793,101.8201,-1.2860,-0.0204,0.0064,-177.589878898,5.949948908,195.635594593,INS_ALIGNMENT_COMPLETE*0068bbf5
$GPGGA,061459.50,3633.7745109,N,11909.7453040,E,4,48,0.7,100.363,M,1.450,M,1.500,3863*76
#INSPVAA,COM3,0,81.6,FINESTEERING,2358,195318.000,00000000,03d9,781;2358,195318.000000000,36.56290268133,119.16242175467,101.8141,-1.3411,0.0465,0.0572,-177.497555468,6.243152155,196.233446266,INS_ALIGNMENT_COMPLETE*fb31bcd0
$GPGGA,061500.00,3633.7741604,N,11909.7453029,E,4,48,0.7,100.365,M,1.450,M,1.000,3863*7C
#INSPVAA,COM3,0,81.6,FINESTEERING,2358,195318.500,00000000,01e5,781;2358,195318.500000000,36.56289682100,119.16242188372,101.7979,-1.3200,0.0046,-0.0216,-177.719102857,6.091906939,196.293009104,INS_ALIGNMENT_COMPLETE*e13bd306
$GPGGA,061500.50,3633.7738071,N,11909.7453104,E,4,48,0.7,100.353,M,1.450,M,1.500,3863*7D
#INSPVAA,COM3,0,81.7,FINESTEERING,2358,195319.000,00000000,03d9,781;2358,195319.000000000,36.56289096466,119.16242194347,101.7795,-1.3011,0.0325,-0.0189,-177.586390610,6.196813659,196.495897637,INS_ALIGNMENT_COMPLETE*fcd91d2a
$GPGGA,061501.00,3633.7734533,N,11909.7453132,E,4,48,0.7,100.327,M,1.450,M,1.000,3863*75
#INSPVAA,COM3,0,81.7,FINESTEERING,2358,195319.500,00000000,01e5,781;2358,195319.500000000,36.56288511956,119.16242201242,101.7672,-1.2955,0.0281,-0.0028,-177.701026592,6.194261103,196.250639645,INS_ALIGNMENT_COMPLETE*9ccfcd1c
$GPGGA,061501.50,3633.7731014,N,11909.7453172,E,4,49,0.7,100.316,M,1.450,M,1.500,3863*77
#INSPVAA,COM3,0,79.9,FINESTEERING,2358,195320.000,00000000,03d9,781;2358,195320.000000000,36.56287925533,119.16242211876,101.7616,-1.3177,0.0460,-0.0403,-177.671176548,6.277982304,196.698373787,INS_ALIGNMENT_COMPLETE*9476e355
$GPGGA,061502.00,3633.7727502,N,11909.7453243,E,4,48,0.7,100.310,M,1.450,M,1.000,3863*77
#INSPVAA,COM3,0,79.9,FINESTEERING,2358,195320.500,00000000,01e5,781;2358,195320.500000000,36.56287336315,119.16242222515,101.7469,-1.2683,-0.0091,0.0014,-177.639457065,6.246931726,196.531711485,INS_ALIGNMENT_COMPLETE*bc6028b2
$GPGGA,061502.50,3633.7723962,N,11909.7453319,E,4,48,0.7,100.295,M,1.450,M,1.500,3863*7B
#INSPVAA,COM3,0,81.2,FINESTEERING,2358,195321.000,00000000,03d9,781;2358,195321.000000000,36.56286744198,119.16242231288,101.7401,-1.2999,0.0346,-0.0176,-177.816012259,6.488549183,196.902598199,INS_ALIGNMENT_COMPLETE*9495ec13
$GPGGA,061503.00,3633.7720417,N,11909.7453374,E,4,48,0.7,100.287,M,1.450,M,1.000,3863*7E
#INSPVAA,COM3,0,81.2,FINESTEERING,2358,195321.500,00000000,01e5,781;2358,195321.500000000,36.56286149970,119.16242236867,101.7371,-1.3268,0.0297,-0.0395,-177.907425214,6.439749790,196.638534819,INS_ALIGNMENT_COMPLETE*f10e1fca
$GPGGA,061503.50,3633.7716858,N,11909.7453388,E,4,48,0.7,100.283,M,1.450,M,1.500,3863*7B
#INSPVAA,COM3,0,81.3,FINESTEERING,2358,195322.000,00000000,03d9,781;2358,195322.000000000,36.56285552975,119.16242244753,101.7359,-1.3050,0.0272,-0.0414,-177.853544519,6.327404409,196.384104530,INS_ALIGNMENT_COMPLETE*d64cf959
$GPGGA,061504.00,3633.7713280,N,11909.7453430,E,4,48,0.7,100.283,M,1.450,M,1.000,3863*72
#INSPVAA,COM3,0,81.3,FINESTEERING,2358,195322.500,00000000,01e6,781;2358,195322.500000000,36.56284961098,119.16242256850,101.7286,-1.3195,0.0293,-0.0180,-177.866340680,6.249575900,196.549024938,INS_ALIGNMENT_COMPLETE*4cd870df
$GPGGA,061504.50,3633.7709711,N,11909.7453539,E,4,48,0.7,100.276,M,1.450,M,1.500,3863*76
#INSPVAA,COM3,0,83.9,FINESTEERING,2358,195323.000,00000000,03da,781;2358,195323.000000000,36.56284370129,119.16242281416,101.7222,-1.3059,0.0839,-0.0159,-177.946196901,6.390017889,197.074562870,INS_ALIGNMENT_COMPLETE*4030f14d
$GPGGA,061505.00,3633.7706163,N,11909.7453710,E,4,48,0.7,100.264,M,1.450,M,1.000,3863*71
#INSPVAA,COM3,0,83.9,FINESTEERING,2358,195323.500,00000000,01e6,781;2358,195323.500000000,36.56283778583,119.16242301225,101.7126,-1.3054,0.0189,0.0448,-177.901790752,6.265432391,197.502106317,INS_ALIGNMENT_COMPLETE*85d3a1cb
$GPGGA,061505.50,3633.7702598,N,11909.7453829,E,4,48,0.7,100.251,M,1.450,M,1.500,3863*76
#INSPVAA,COM3,0,84.0,FINESTEERING,2358,195324.000,00000000,03da,781;2358,195324.000000000,36.56283188728,119.16242312971,101.7021,-1.2672,0.0615,0.0353,-177.863205936,6.291660897,197.604877264,INS_ALIGNMENT_COMPLETE*95f050db
$GPGGA,061506.00,3633.7699098,N,11909.7453892,E,4,48,0.7,100.240,M,1.450,M,1.000,3863*73
#INSPVAA,COM3,0,84.0,FINESTEERING,2358,195324.500,00000000,01e6,781;2358,195324.500000000,36.56282600944,119.16242322148,101.6961,-1.3154,0.0366,-0.0002,-178.079881450,6.257974396,197.861984750,INS_ALIGNMENT_COMPLETE*d5c8d6d3
$GPGGA,061506.50,3633.7695542,N,11909.7453962,E,4,48,0.7,100.234,M,1.450,M,1.500,3863*70
#INSPVAA,COM3,0,83.9,FINESTEERING,2358,195325.000,00000000,03da,781;2358,195325.000000000,36.56282013002,119.16242328417,101.6813,-1.2670,0.0245,-0.0182,-178.114460757,6.249731889,197.959442432,INS_ALIGNMENT_COMPLETE*a0835d38
$GPGGA,061507.00,3633.7692002,N,11909.7454030,E,4,47,0.7,100.224,M,1.450,M,1.000,3863*70
#INSPVAA,COM3,0,83.9,FINESTEERING,2358,195325.500,00000000,01e5,781;2358,195325.500000000,36.56281421932,119.16242329432,101.6710,-1.3318,-0.0402,-0.0250,-178.146461343,6.211353962,197.769844938,INS_ALIGNMENT_COMPLETE*82701e9b
$GPGGA,061507.50,3633.7688463,N,11909.7454030,E,4,47,0.7,100.213,M,1.450,M,1.500,3863*7C
#INSPVAA,COM3,0,81.2,FINESTEERING,2358,195326.000,00000000,03d9,781;2358,195326.000000000,36.56280830517,119.16242340784,101.6571,-1.2803,0.0692,-0.0348,-178.053531516,6.168218611,197.918692662,INS_ALIGNMENT_COMPLETE*0f1dca75
$GPGGA,061508.00,3633.7684931,N,11909.7454066,E,4,47,0.7,100.200,M,1.450,M,1.000,3863*74
#INSPVAA,COM3,0,81.2,FINESTEERING,2358,195326.500,00000000,01e5,781;2358,195326.500000000,36.56280244977,119.16242354179,101.6466,-1.2852,-0.0156,0.0104,-178.041392322,6.147628904,198.324549073,INS_ALIGNMENT_COMPLETE*59477b6d
$GPGGA,061508.50,3633.7681403,N,11909.7454184,E,4,47,0.7,100.189,M,1.450,M,1.500,3863*72
#INSPVAA,COM3,0,84.0,FINESTEERING,2358,195327.000,00000000,03d9,781;2358,195327.000000000,36.56279656390,119.16242357100,101.6310,-1.2961,0.0328,-0.0316,-178.013693244,6.226370312,198.382144661,INS_ALIGNMENT_COMPLETE*5ff89608
$GPGGA,061509.00,3633.7677879,N,11909.7454224,E,4,48,0.7,100.178,M,1.450,M,1.000,3863*73
<ERROR:Invalid Message ID
[COM3]
#INSPVAA,COM3,0,84.0,FINESTEERING,2358,195327.500,00000000,01e5,781;2358,195327.500000000,36.56279068669,119.16242360026,101.6190,-1.2956,0.0016,0.0175,-177.905038878,6.253876543,198.455887230,INS_ALIGNMENT_COMPLETE*eb3a067b
$GPGGA,061509.50,3633.7674350,N,11909.7454245,E,4,47,0.7,100.165,M,1.450,M,0.500,3863*75
#INSPVAA,COM3,0,84.1,FINESTEERING,2358,195328.000,00000000,03d9,781;2358,195328.000000000,36.56278476583,119.16242371451,101.6080,-1.3182,0.0351,-0.0235,-177.813219730,6.235556885,198.693606058,INS_ALIGNMENT_COMPLETE*22fcb09d
$GPGGA,061510.00,3633.7670802,N,11909.7454289,E,4,47,0.7,100.154,M,1.450,M,1.000,3863*76
#INSPVAA,COM3,0,84.1,FINESTEERING,2358,195328.500,00000000,01e5,781;2358,195328.500000000,36.56277884531,119.16242374065,101.5956,-1.3216,-0.0531,0.0380,-177.722372948,6.235291797,198.742228519,INS_ALIGNMENT_COMPLETE*b8ad4d4b
$GPGGA,061510.50,3633.7667253,N,11909.7454300,E,4,47,0.7,100.142,M,1.450,M,1.500,3863*79
<ERROR:Invalid Message ID
[COM3]
#INSPVAA,COM3,0,81.2,FINESTEERING,2358,195329.000,00000000,03d9,781;2358,195329.000000000,36.56277286930,119.16242390802,101.5860,-1.3141,-0.0213,-0.0369,-178.080254229,6.227786834,198.724860058,INS_ALIGNMENT_COMPLETE*33ac77ae
$GPGGA,061511.00,3633.7663690,N,11909.7454384,E,4,47,0.7,100.133,M,1.450,M,1.000,3863*7D
#INSPVAA,COM3,0,81.2,FINESTEERING,2358,195329.500,00000000,01e5,781;2358,195329.500000000,36.56276699644,119.16242385176,101.5779,-1.2924,0.0039,0.0210,-177.813767982,6.396777600,198.869454955,INS_ALIGNMENT_COMPLETE*3165e3f7
$GPGGA,061511.50,3633.7660173,N,11909.7454370,E,4,47,0.7,100.122,M,1.450,M,1.500,3863*7F
#INSPVAA,COM3,0,84.1,FINESTEERING,2358,195330.000,00000000,03d9,781;2358,195330.000000000,36.56276103240,119.16242389020,101.5720,-1.2965,-0.0514,0.0619,-178.101880994,6.275255726,198.743110877,INS_ALIGNMENT_COMPLETE*b4697f91
$GPGGA,061512.00,3633.7656598,N,11909.7454413,E,4,48,0.7,100.117,M,1.450,M,1.000,3863*73
#INSPVAA,COM3,0,84.1,FINESTEERING,2358,195330.500,00000000,01e5,781;2358,195330.500000000,36.56275514558,119.16242389386,101.5597,-1.3342,0.0003,-0.0290,-177.932010385,6.254058954,198.903286400,INS_ALIGNMENT_COMPLETE*864dd0e6
$GPGGA,061512.50,3633.7653046,N,11909.7454408,E,4,47,0.7,100.107,M,1.450,M,1.500,3863*74
#INSPVAA,COM3,0,83.8,FINESTEERING,2358,195331.000,00000000,03d9,781;2358,195331.000000000,36.56274919172,119.16242397803,101.5459,-1.3069,-0.0235,-0.0119,-178.196979255,6.147216611,198.993180757,INS_ALIGNMENT_COMPLETE*e603838e
$GPGGA,061513.00,3633.7649480,N,11909.7454431,E,4,48,0.7,100.093,M,1.450,M,1.000,3863*79
#INSPVAA,COM3,0,83.8,FINESTEERING,2358,195331.500,00000000,01e5,781;2358,195331.500000000,36.56274325405,119.16242398860,101.5367,-1.3383,-0.0101,-0.0396,-178.013313713,6.063688952,198.926686620,INS_ALIGNMENT_COMPLETE*3287d39e
$GPGGA,061513.50,3633.7645903,N,11909.7454445,E,4,48,0.7,100.088,M,1.450,M,1.500,3863*7A
#INSPVAA,COM3,0,83.8,FINESTEERING,2358,195332.000,00000000,03d9,781;2358,195332.000000000,36.56273730123,119.16242403591,101.5240,-1.2982,0.0094,-0.0550,-178.123985731,5.974619012,198.828130993,INS_ALIGNMENT_COMPLETE*2e444542
$GPGGA,061514.00,3633.7642331,N,11909.7454469,E,4,47,0.7,100.072,M,1.450,M,1.000,3863*75
#INSPVAA,COM3,0,83.8,FINESTEERING,2358,195332.500,00000000,01e5,781;2358,195332.500000000,36.56273138020,119.16242414339,101.5096,-1.3086,-0.0042,-0.0564,-178.065155419,5.928936312,198.804919304,INS_ALIGNMENT_COMPLETE*c20d3980
$GPGGA,061514.50,3633.7638773,N,11909.7454539,E,4,47,0.7,100.058,M,1.450,M,1.500,3863*76
#INSPVAA,COM3,0,84.0,FINESTEERING,2358,195333.000,00000000,03d9,781;2358,195333.000000000,36.56272539325,119.16242429447,101.4950,-1.3228,0.0160,-0.0102,-178.269096437,5.912550967,198.726365938,INS_ALIGNMENT_COMPLETE*b6bb786c
$GPGGA,061515.00,3633.7635180,N,11909.7454612,E,4,47,0.7,100.042,M,1.450,M,1.000,3863*71
#INSPVAA,COM3,0,84.0,FINESTEERING,2358,195333.500,00000000,01e5,781;2358,195333.500000000,36.56271953848,119.16242443172,101.4769,-1.3000,-0.0165,-0.0689,-178.126796922,6.005761411,198.858906593,INS_ALIGNMENT_COMPLETE*ed7f066c
$GPGGA,061515.50,3633.7631664,N,11909.7454712,E,4,47,0.7,100.025,M,1.450,M,1.500,3863*78
#INSPVAA,COM3,0,81.3,FINESTEERING,2358,195334.000,00000000,03d9,781;2358,195334.000000000,36.56271362139,119.16242450625,101.4602,-1.3209,0.0533,-0.0274,-178.065458840,5.858041194,198.854072728,INS_ALIGNMENT_COMPLETE*86c7846e
$GPGGA,061516.00,3633.7628141,N,11909.7454738,E,4,47,0.7,100.010,M,1.450,M,1.000,3863*7D
#INSPVAA,COM3,0,81.3,FINESTEERING,2358,195334.500,00000000,01e5,781;2358,195334.500000000,36.56270775619,119.16242461814,101.4507,-1.3031,-0.0354,-0.0364,-178.011150384,5.858897982,198.745470398,INS_ALIGNMENT_COMPLETE*161b4b2e
$GPGGA,061516.50,3633.7624598,N,11909.7454825,E,4,47,0.7,99.997,M,1.450,M,1.500,3863*45
#INSPVAA,COM3,0,81.2,FINESTEERING,2358,195335.000,00000000,03d9,781;2358,195335.000000000,36.56270183896,119.16242481162,101.4416,-1.3341,0.0646,-0.0247,-178.132759382,5.934389245,198.950643548,INS_ALIGNMENT_COMPLETE*4c39b5e8
$GPGGA,061517.00,3633.7621035,N,11909.7454931,E,4,47,0.7,99.989,M,1.450,M,1.000,3863*48
#INSPVAA,COM3,0,81.2,FINESTEERING,2358,195335.500,00000000,01e5,781;2358,195335.500000000,36.56269595825,119.16242498657,101.4268,-1.2854,-0.0417,-0.0549,-178.096850800,5.910374179,198.972594514,INS_ALIGNMENT_COMPLETE*c74a639e
$GPGGA,061517.50,3633.7617485,N,11909.7455035,E,4,47,0.7,99.976,M,1.450,M,1.500,3863*4E
#INSPVAA,COM3,0,81.3,FINESTEERING,2358,195336.000,00000000,03d9,781;2358,195336.000000000,36.56269002541,119.16242511687,101.4136,-1.2884,0.0325,0.0154,-177.937398731,5.909688477,199.135605867,INS_ALIGNMENT_COMPLETE*ff4893ce
$GPGGA,061518.00,3633.7613932,N,11909.7455089,E,4,47,0.7,99.962,M,1.450,M,1.000,3863*46
#INSPVAA,COM3,0,81.3,FINESTEERING,2358,195336.500,00000000,01e5,781;2358,195336.500000000,36.56268416079,119.16242524048,101.3986,-1.2821,0.0167,-0.0625,-177.758558516,5.926566696,198.933392359,INS_ALIGNMENT_COMPLETE*c0cf405f
$GPGGA,061518.50,3633.7610404,N,11909.7455177,E,4,47,0.7,99.946,M,1.450,M,1.500,3863*4B
#INSPVAA,COM3,0,84.2,FINESTEERING,2358,195337.000,00000000,03d9,781;2358,195337.000000000,36.56267780551,119.16242547069,101.3871,-1.4545,0.0342,0.0039,-177.940151849,5.949299222,198.934008610,INS_ALIGNMENT_COMPLETE*f86855a9
$GPGGA,061519.00,3633.7606624,N,11909.7455266,E,4,48,0.7,99.934,M,1.450,M,1.000,3863*44
#INSPVAA,COM3,0,84.2,FINESTEERING,2358,195337.500,00000000,01e5,781;2358,195337.500000000,36.56267116325,119.16242562405,101.3702,-1.4852,0.0204,-0.0339,-177.843949913,6.106671126,199.386195936,INS_ALIGNMENT_COMPLETE*53b5b9ef
$GPGGA,061519.50,3633.7602622,N,11909.7455342,E,4,48,0.7,99.917,M,1.450,M,0.500,3863*41
#INSPVAA,COM3,0,83.9,FINESTEERING,2358,195338.000,00000000,03d9,781;2358,195338.000000000,36.56266453195,119.16242577476,101.3577,-1.5020,0.0381,0.0411,-177.570298757,6.057981518,199.467224833,INS_ALIGNMENT_COMPLETE*0fba2596
$GPGGA,061520.00,3633.7598659,N,11909.7455417,E,4,48,0.7,99.907,M,1.450,M,1.000,3863*40
#INSPVAA,COM3,0,83.9,FINESTEERING,2358,195338.500,00000000,01e5,781;2358,195338.500000000,36.56265789324,119.16242588916,101.3465,-1.4643,0.0224,0.0406,-177.818149871,6.242408249,199.619501176,INS_ALIGNMENT_COMPLETE*ffcd1855
$GPGGA,061520.50,3633.7594667,N,11909.7455481,E,4,48,0.7,99.899,M,1.450,M,1.500,3863*48
#INSPVAA,COM3,0,83.8,FINESTEERING,2358,195339.000,00000000,03d9,781;2358,195339.000000000,36.56265131767,119.16242595125,101.3330,-1.3722,0.0691,-0.0402,-177.725543924,6.247149633,200.478034239,INS_ALIGNMENT_COMPLETE*901ba908
$GPGGA,061521.00,3633.7590720,N,11909.7455490,E,4,47,0.7,99.878,M,1.450,M,1.000,3863*4F
#INSPVAA,COM3,0,83.8,FINESTEERING,2358,195339.500,00000000,01e5,781;2358,195339.500000000,36.56264499966,119.16242600699,101.3216,-1.4410,-0.0060,0.0243,-177.593915852,6.333154120,200.427268620,INS_ALIGNMENT_COMPLETE*bd730fb9
$GPGGA,061521.50,3633.7586924,N,11909.7455548,E,4,47,0.7,99.866,M,1.450,M,1.500,3863*49
#INSPVAA,COM3,0,83.9,FINESTEERING,2358,195340.000,00000000,03d9,781;2358,195340.000000000,36.56263859654,119.16242605575,101.3166,-1.3679,0.0349,-0.0321,-177.847519150,6.416081802,201.046039143,INS_ALIGNMENT_COMPLETE*e9712eae
$GPGGA,061522.00,3633.7583087,N,11909.7455617,E,4,48,0.7,99.866,M,1.450,M,1.000,3863*49
#INSPVAA,COM3,0,83.9,FINESTEERING,2358,195340.500,00000000,01e5,781;2358,195340.500000000,36.56263220565,119.16242616604,101.3111,-1.4259,0.0449,0.0066,-178.311889267,6.618559586,201.119206763,INS_ALIGNMENT_COMPLETE*8d6e457e
$GPGGA,061522.50,3633.7579227,N,11909.7455680,E,4,48,0.7,99.861,M,1.450,M,1.500,3863*4D
#INSPVAA,COM3,0,84.0,FINESTEERING,2358,195341.000,00000000,03d9,781;2358,195341.000000000,36.56262586303,119.16242614877,101.2973,-1.4168,0.0254,-0.0316,-177.817199425,6.420138200,201.299624303,INS_ALIGNMENT_COMPLETE*49586a68
$GPGGA,061523.00,3633.7575417,N,11909.7455648,E,4,47,0.7,99.844,M,1.450,M,1.000,3863*49
#INSPVAA,COM3,0,84.0,FINESTEERING,2358,195341.500,00000000,01e5,781;2358,195341.500000000,36.56261945638,119.16242608288,101.2983,-1.3815,-0.0269,0.0249,-178.412477898,6.428631647,200.641158618,INS_ALIGNMENT_COMPLETE*1244e926
$GPGGA,061523.50,3633.7571555,N,11909.7455633,E,4,48,0.7,99.847,M,1.450,M,1.500,3863*4A
#INSPVAA,COM3,0,84.0,FINESTEERING,2358,195342.000,00000000,03d9,781;2358,195342.000000000,36.56261294787,119.16242591229,101.2903,-1.4235,0.0423,-0.0423,-178.342839198,6.241056618,199.971045617,INS_ALIGNMENT_COMPLETE*d0cd43e3
$GPGGA,061524.00,3633.7567648,N,11909.7455543,E,4,48,0.7,99.843,M,1.450,M,1.000,3863*45
#INSPVAA,COM3,0,84.0,FINESTEERING,2358,195342.500,00000000,01e5,781;2358,195342.500000000,36.56260660835,119.16242600093,101.2801,-1.4025,-0.0041,0.0263,-178.166079042,6.160699097,199.580658175,INS_ALIGNMENT_COMPLETE*ec17036a
$GPGGA,061524.50,3633.7563824,N,11909.7455628,E,4,47,0.7,99.825,M,1.450,M,1.500,3863*44
#INSPVAA,COM3,0,81.3,FINESTEERING,2358,195343.000,00000000,03d9,781;2358,195343.000000000,36.56260018425,119.16242606661,101.2771,-1.3949,0.0265,0.0073,-178.402151330,6.225450320,199.258594552,INS_ALIGNMENT_COMPLETE*b7c390c3
$GPGGA,061525.00,3633.7560009,N,11909.7455655,E,4,47,0.7,99.822,M,1.450,M,1.000,3863*4C
#INSPVAA,COM3,0,81.3,FINESTEERING,2358,195343.500,00000000,01e5,781;2358,195343.500000000,36.56259377678,119.16242626911,101.2607,-1.4056,0.0411,-0.0376,-178.432983517,6.145355424,198.969944536,INS_ALIGNMENT_COMPLETE*0e720d13
$GPGGA,061525.50,3633.7556166,N,11909.7455800,E,4,47,0.7,99.804,M,1.450,M,1.500,3863*4B
#INSPVAA,COM3,0,81.3,FINESTEERING,2358,195344.000,00000000,03d9,781;2358,195344.000000000,36.56258736396,119.16242645015,101.2447,-1.3648,0.0743,-0.0367,-178.374561962,6.102667144,198.493342812,INS_ALIGNMENT_COMPLETE*88cc1851
$GPGGA,061526.00,3633.7552337,N,11909.7455917,E,4,47,0.7,99.793,M,1.450,M,1.000,3863*4C
#INSPVAA,COM3,0,81.3,FINESTEERING,2358,195344.500,00000000,01e5,781;2358,195344.500000000,36.56258107021,119.16242679797,101.2332,-1.4379,0.0819,-0.0130,-178.425667533,6.219552857,198.463986048,INS_ALIGNMENT_COMPLETE*f57b2670
$GPGGA,061526.50,3633.7548545,N,11909.7456115,E,4,47,0.7,99.784,M,1.450,M,1.500,3863*4B
#INSPVAA,COM3,0,84.0,FINESTEERING,2358,195345.000,00000000,03d9,781;2358,195345.000000000,36.56257472164,119.16242711710,101.2181,-1.3778,0.0174,-0.0839,-178.102622393,6.154306318,198.480154912,INS_ALIGNMENT_COMPLETE*b595fe66
$GPGGA,061527.00,3633.7544753,N,11909.7456308,E,4,47,0.7,99.767,M,1.450,M,1.000,3863*40
#INSPVAA,COM3,0,84.0,FINESTEERING,2358,195345.500,00000000,01e5,781;2358,195345.500000000,36.56256846828,119.16242752182,101.2032,-1.3867,0.0757,-0.0521,-178.177299250,6.039770889,198.782292669,INS_ALIGNMENT_COMPLETE*281eca4f
$GPGGA,061527.50,3633.7540987,N,11909.7456556,E,4,47,0.7,99.753,M,1.450,M,1.500,3863*49
#INSPVAA,COM3,0,81.2,FINESTEERING,2358,195346.000,00000000,03d9,781;2358,195346.000000000,36.56256224464,119.16242785649,101.1924,-1.2499,0.0035,-0.0122,-177.943887644,6.184947756,199.349153323,INS_ALIGNMENT_COMPLETE*c0b58768
$GPGGA,061528.00,3633.7537278,N,11909.7456741,E,4,47,0.7,99.740,M,1.450,M,1.000,3863*4B
#INSPVAA,COM3,0,81.2,FINESTEERING,2358,195346.500,00000000,01e5,781;2358,195346.500000000,36.56255721523,119.16242796963,101.1849,-0.9365,0.0038,-0.0303,-178.080332438,6.283040423,199.563899721,INS_ALIGNMENT_COMPLETE*91a7a1bc
$GPGGA,061528.50,3633.7534234,N,11909.7456857,E,4,47,0.7,99.734,M,1.450,M,1.500,3863*4B
#INSPVAA,COM3,0,84.1,FINESTEERING,2358,195347.000,00000000,03d9,781;2358,195347.000000000,36.56255352482,119.16242799782,101.1720,-0.6915,-0.0429,-0.0010,-178.009923637,6.398781896,199.599268604,INS_ALIGNMENT_COMPLETE*d6d48fcf
$GPGGA,061529.00,3633.7532014,N,11909.7456929,E,4,47,0.7,99.720,M,1.450,M,1.000,3863*41
#INSPVAA,COM3,0,84.1,FINESTEERING,2358,195347.500,00000000,01e5,781;2358,195347.500000000,36.56255041174,119.16242809006,101.1625,-0.6837,0.0625,-0.0041,-177.796986810,6.496388873,200.400056941,INS_ALIGNMENT_COMPLETE*31555db2
$GPGGA,061529.50,3633.7530141,N,11909.7456965,E,4,47,0.7,99.710,M,1.450,M,1.500,3863*49
#INSPVAA,COM3,0,84.0,FINESTEERING,2358,195348.000,00000000,03d9,781;2358,195348.000000000,36.56254718256,119.16242827262,101.1552,-0.7115,0.0226,0.0044,-177.690580080,6.451940878,200.938792098,INS_ALIGNMENT_COMPLETE*41cf1cd8
$GPGGA,061530.00,3633.7528224,N,11909.7457029,E,4,47,0.7,99.708,M,1.450,M,1.000,3863*41
#INSPVAA,COM3,0,84.0,FINESTEERING,2358,195348.500,00000000,01e5,781;2358,195348.500000000,36.56254403320,119.16242839040,101.1558,-0.5711,0.0199,-0.0101,-177.784657579,6.587516982,201.530562038,INS_ALIGNMENT_COMPLETE*8288d2e7
$GPGGA,061530.50,3633.7526336,N,11909.7457113,E,4,47,0.7,99.711,M,1.450,M,1.500,3863*4D
#INSPVAA,COM3,0,84.0,FINESTEERING,2358,195349.000,00000000,03da,781;2358,195349.000000000,36.56254211989,119.16242845756,101.1519,-0.2265,0.0081,-0.0005,-177.864959641,6.674263144,201.888316580,INS_ALIGNMENT_COMPLETE*61186e54
$GPGGA,061531.00,3633.7525194,N,11909.7457128,E,4,47,0.7,99.704,M,1.450,M,1.000,3863*49
#INSPVAA,COM3,0,84.0,FINESTEERING,2358,195349.500,00000000,01e6,781;2358,195349.500000000,36.56254165703,119.16242844310,101.1492,0.0515,0.0037,-0.0133,-177.832786093,6.640514259,202.036937933,INS_ALIGNMENT_COMPLETE*0e11f21a
$GPGGA,061531.50,3633.7524885,N,11909.7457132,E,4,46,0.7,99.700,M,1.450,M,1.500,3863*4F
#INSPVAA,COM3,0,81.0,FINESTEERING,2358,195350.000,00000000,03da,781;2358,195350.000000000,36.56254174211,119.16242844137,101.1467,0.0239,-0.0135,0.0001,-177.718840820,6.686651164,202.297631092,INS_ALIGNMENT_COMPLETE*288c690f
$GPGGA,061532.00,3633.7524938,N,11909.7457115,E,4,47,0.7,99.692,M,1.450,M,1.000,3863*45
#INSPVAA,COM3,0,81.0,FINESTEERING,2358,195350.500,00000000,01e6,781;2358,195350.500000000,36.56254174816,119.16242846398,101.1505,0.0121,-0.0009,-0.0025,-177.729353843,6.722594295,202.443857226,INS_ALIGNMENT_COMPLETE*5b59bacd
$GPGGA,061532.50,3633.7524933,N,11909.7457112,E,4,47,0.7,99.694,M,1.450,M,1.500,3863*4F
<ERROR:Invalid Message ID
[COM3]
